0 0 0 505
0 0 1 505
0 0 2 504
0 0 3 506
0 0 4 505
0 0 5 505
0 0 6 504
0 0 7 505
0 0 8 506
0 0 9 506
0 0 10 506
0 0 11 504
0 0 12 -1
0 0 13 -1
0 1 0 494
0 1 1 493
0 1 2 495
0 1 3 494
0 1 4 494
0 1 5 494
0 1 6 494
0 1 7 493
0 1 8 494
0 1 9 494
0 1 10 494
0 1 11 493
0 1 12 -1
0 1 13 -1
0 2 0 492
0 2 1 492
0 2 2 492
0 2 3 493
0 2 4 492
0 2 5 493
0 2 6 492
0 2 7 491
0 2 8 492
0 2 9 493
0 2 10 492
0 2 11 492
0 2 12 -1
0 2 13 -1
0 3 0 493
0 3 1 493
0 3 2 492
0 3 3 493
0 3 4 495
0 3 5 496
0 3 6 495
0 3 7 494
0 3 8 491
0 3 9 491
0 3 10 491
0 3 11 493
0 3 12 496
0 3 13 496
1 0 0 497
1 0 1 496
1 0 2 496
1 0 3 496
1 0 4 496
1 0 5 497
1 0 6 495
1 0 7 497
1 0 8 496
1 0 9 497
1 0 10 496
1 0 11 497
1 0 12 -1
1 0 13 -1
1 1 0 492
1 1 1 493
1 1 2 492
1 1 3 493
1 1 4 493
1 1 5 493
1 1 6 493
1 1 7 492
1 1 8 491
1 1 9 493
1 1 10 493
1 1 11 493
1 1 12 -1
1 1 13 -1
1 2 0 491
1 2 1 492
1 2 2 490
1 2 3 492
1 2 4 491
1 2 5 492
1 2 6 490
1 2 7 491
1 2 8 491
1 2 9 491
1 2 10 492
1 2 11 492
1 2 12 -1
1 2 13 -1
1 3 0 494
1 3 1 493
1 3 2 493
1 3 3 492
1 3 4 494
1 3 5 496
1 3 6 496
1 3 7 495
1 3 8 488
1 3 9 493
1 3 10 490
1 3 11 493
1 3 12 497
1 3 13 496
2 0 0 495
2 0 1 494
2 0 2 495
2 0 3 494
2 0 4 494
2 0 5 493
2 0 6 494
2 0 7 494
2 0 8 493
2 0 9 494
2 0 10 495
2 0 11 495
2 0 12 -1
2 0 13 -1
2 1 0 491
2 1 1 491
2 1 2 491
2 1 3 492
2 1 4 490
2 1 5 492
2 1 6 492
2 1 7 491
2 1 8 490
2 1 9 492
2 1 10 491
2 1 11 490
2 1 12 -1
2 1 13 -1
2 2 0 492
2 2 1 492
2 2 2 492
2 2 3 492
2 2 4 492
2 2 5 492
2 2 6 491
2 2 7 492
2 2 8 492
2 2 9 491
2 2 10 491
2 2 11 492
2 2 12 -1
2 2 13 -1
2 3 0 494
2 3 1 493
2 3 2 493
2 3 3 494
2 3 4 496
2 3 5 496
2 3 6 496
2 3 7 495
2 3 8 492
2 3 9 494
2 3 10 492
2 3 11 493
2 3 12 497
2 3 13 494
3 0 0 498
3 0 1 497
3 0 2 497
3 0 3 496
3 0 4 497
3 0 5 497
3 0 6 498
3 0 7 497
3 0 8 497
3 0 9 497
3 0 10 498
3 0 11 497
3 0 12 -1
3 0 13 -1
3 1 0 493
3 1 1 492
3 1 2 494
3 1 3 493
3 1 4 493
3 1 5 493
3 1 6 494
3 1 7 493
3 1 8 494
3 1 9 492
3 1 10 493
3 1 11 493
3 1 12 -1
3 1 13 -1
3 2 0 491
3 2 1 492
3 2 2 491
3 2 3 492
3 2 4 492
3 2 5 492
3 2 6 491
3 2 7 492
3 2 8 492
3 2 9 491
3 2 10 492
3 2 11 492
3 2 12 -1
3 2 13 -1
3 3 0 494
3 3 1 493
3 3 2 494
3 3 3 492
3 3 4 495
3 3 5 495
3 3 6 496
3 3 7 495
3 3 8 499
3 3 9 494
3 3 10 492
3 3 11 494
3 3 12 499
3 3 13 494
4 0 0 505
4 0 1 506
4 0 2 505
4 0 3 505
4 0 4 508
4 0 5 506
4 0 6 506
4 0 7 506
4 0 8 507
4 0 9 506
4 0 10 506
4 0 11 506
4 0 12 -1
4 0 13 -1
4 1 0 493
4 1 1 494
4 1 2 494
4 1 3 494
4 1 4 494
4 1 5 493
4 1 6 493
4 1 7 495
4 1 8 494
4 1 9 494
4 1 10 495
4 1 11 495
4 1 12 -1
4 1 13 -1
4 2 0 492
4 2 1 493
4 2 2 493
4 2 3 492
4 2 4 492
4 2 5 492
4 2 6 492
4 2 7 492
4 2 8 493
4 2 9 492
4 2 10 493
4 2 11 493
4 2 12 -1
4 2 13 -1
4 3 0 493
4 3 1 490
4 3 2 492
4 3 3 494
4 3 4 495
4 3 5 495
4 3 6 496
4 3 7 494
4 3 8 491
4 3 9 493
4 3 10 493
4 3 11 493
4 3 12 495
4 3 13 495
