000000000000000000000000000000000000000000000000000000000000000000000000000000000000000000000000000000000000000000000000000000000000000000000000000000000000000000000000000000000000000000000000
000000000000000000010000000000000000110000000000000000000000000000000000001000000000000111000000000000010000000000000000000000000000001000000000000110000000000000001000000000000000000000000000
001000000000000000000000000000000000111000000000000000000000000000000000000000000000000001000000000000001000000000000000000000000000111100000000000001000000000000111100000000000000000000000000
010000000000000000110000000000000000000000000000000000000000000000000000000000000000000001000000000000001000000000000000000000000000111000000000000010000000000000111000000000000000000000000000
010000000000000000110000000000000000000000000000000000000000000000000000000000000000000001000000000000001000000000000000000000000000001000000000000110000000000000001000000000000000000000000000
001000000000000000000000000000000000111000000000000000000000000000000000000000000000000001000000000000001000000000000000000000000000000100000000000111000000000000000100000000000000000000000000
000000000000000000010000000000000000110000000000000000000000000000000000001000000000000111000000000000010000000000000000000000000000111000000000000010000000000000111000000000000000000000000000
000000000000000000000000000000000000000000000000000000000000000000000000000000000000000000000000000000000000000000000000000000000000000000000000000000000000000000000000000000000000000000000000
000000000000000000000000000000000000000000000000000000000000000000000000000000000000000000000000000000000000000000000000000000000000000000000000000000000000000000000000000000000000000000000000
000000000000000000001000000000000000000000000000000000111000000000000000001000000000000000000000000000000000000000000001000000000000001000000000000110100000000000000000000000000000100000000000
000101010101010101000000000000000000000000000000000000111010101010101011000010101010101001000000000000000000000000000000101010101011111010101010101001000000000000000000000000000111101010101011
010000000000000000110000000000000000000000000000000000000000000000000000001000000000000000000000000000000000000000000001000000000000110000000000000011000000000000000000000000000111000000000000
010000000000000000110000000000000000000000000000000000000000000000000000001000000000000000000000000000000000000000000001000000000000010000000000000101000000000000000000000000000001000000000000
000101010101010101000000000000000000000000000000000000111010101010101011000010101010101001000000000000000000000000000000101010101011000101010101011111000000000000000000000000000000010101010101
000000000000000000001000000000000000000000000000000000111000000000000000001000000000000000000000000000000000000000000001000000000000111000000000000001100000000000000000000000000111100000000000
000000000000000000000000000000000000000000000000000000000000000000000000000000000000000000000000000000000000000000000000000000000000000000000000000000000000000000000000000000000000000000000000
000000000000000000000000000000000000000000000000000000000000000000000000000000000000000000000000000000000000000000000000000000000000000000000000000000000000000000000000000000000000000000000000
000000000000000000000000000000000000010000000000000000110000000000000000001000000000000000000000000000000000000000000001000000000000001000000000000000000000000000101000000000000010000000000000
000101010101010101000000000000000000000000000000000000111010101010101011000101010101011000000000000000001000000000000000010101010101111101010101011000000000000000001000000000000111010101010101
001000000000000000000000000000000000111000000000000000000000000000000000001000000000000000000000000000000000000000000001000000000000111100000000000000000000000000001100000000000111000000000000
001000000000000000000000000000000000111000000000000000000000000000000000001000000000000000000000000000000000000000000001000000000000000100000000000000000000000000110100000000000001000000000000
000101010101010101000000000000000000000000000000000000111010101010101011000101010101011000000000000000001000000000000000010101010101000010101010101000000000000000111000000000000000101010101011
000000000000000000000000000000000000010000000000000000110000000000000000001000000000000000000000000000000000000000000001000000000000111000000000000000000000000000011000000000000110000000000000
000000000000000000000000000000000000000000000000000000000000000000000000000000000000000000000000000000000000000000000000000000000000000000000000000000000000000000000000000000000000000000000000
000000000000000000000000000000000000000000000000000000000000000000000000000000000000000000000000000000000000000000000000000000000000000000000000000000000000000000000000000000000000000000000000
000000000000000000000000000000000000010000000000000000110000000000000000000000000000000001000000000000001000000000000000000000000000000000000000000001000000000000110000000000000001000000000000
000000000000000000001000000000000000000000000000000000111000000000000000000000000000000001000000000000001000000000000000000000000000000000000000000111100000000000001000000000000111100000000000
000000000000000000010000000000000000110000000000000000000000000000000000000000000000000010000000000000111000000000000001000000000000000000000000000111000000000000010000000000000111000000000000
000000000000000000010000000000000000110000000000000000000000000000000000000000000000000010000000000000111000000000000001000000000000000000000000000001000000000000110000000000000001000000000000
000000000000000000001000000000000000000000000000000000111000000000000000000000000000000001000000000000001000000000000000000000000000000000000000000000100000000000111000000000000000100000000000
000000000000000000000000000000000000010000000000000000110000000000000000000000000000000001000000000000001000000000000000000000000000000000000000000111000000000000010000000000000111000000000000
000000000000000000000000000000000000000000000000000000000000000000000000000000000000000000000000000000000000000000000000000000000000000000000000000000000000000000000000000000000000000000000000
000000000000000000000000000000000000000000000000000000000000000000000000000000000000000000000000000000000000000000000000000000000000000000000000000000000000000000000000000000000000000000000000
000000000000000000001000000000000000000000000000000000111000000000000000001000000000000111110101010101000010101010101000110101010101001000000000000110101010101011111101010101011000101010101011
000101101101101110000000000000000000111110110110110111111011011011011011000001101101110001000000000000000010110110111000011011011011111011011011011001000000000000111101101101110111110110110111
001000000000000000111000000000000000001000000000000000111000000000000000000100000000000000100000000000000100000000000000100000000000111100000000000001100000000000110100000000000000100000000000
000100100100100101000001001001001001000000000000000000111010010010010010000011011011011000010110110111001000000000000000001101101110111110110110111111101101101110001000000000000111011011011011
000100000000000000000100000000000000111100000000000000111100000000000000000100000000000000100000000000000100000000000000100000000000000010000000000111010000000000000110000000000111110000000000
000100110011001101000001100110011010111110011001100110111011001100110011000100000000000000100000000000000100000000000000100000000000111100000000000000100000000000000100000000000111100000000000
001000000000000000000000000000000000111000000000000000000000000000000000000110101010101000010101010101111110101010101001000000000000111010101010101000010101010101001010101010101111000000000000
001000000000000000000000000000000000111000000000000000000000000000000000000110101010101000010101010101111110101010101001000000000000000101010101011111101010101011110101010101011001000000000000
000100110011001101000001100110011010111110011001100110111011001100110011000100000000000000100000000000000100000000000000100000000000000100000000000111100000000000111100000000000000100000000000
000100000000000000000100000000000000111100000000000000111100000000000000000100000000000000100000000000000100000000000000100000000000111110000000000000110000000000111010000000000000010000000000
000100100100100101000001001001001001000000000000000000111010010010010010000011011011011000010110110111001000000000000000001101101110000001001001001000010010010010111000000000000000100100100101
001000000000000000111000000000000000001000000000000000111000000000000000000100000000000000100000000000000100000000000000100000000000000100000000000110100000000000001100000000000111100000000000
000101101101101110000000000000000000111110110110110111111011011011011011000001101101110001000000000000000010110110111000011011011011000100100100101111000000000000000010010010010000001001001001
000000000000000000001000000000000000000000000000000000111000000000000000001000000000000111110101010101000010101010101000110101010101111000000000000001010101010101000010101010101111010101010101
000000000000000000000000000000000000000000000000000000000000000000000000000000000000000000000000000000000000000000000000000000000000000000000000000000000000000000000000000000000000000000000000
000000000000000000000000000000000000000000000000000000000000000000000000000000000000000000000000000000000000000000000000000000000000000000000000000000000000000000000000000000000000000000000000
000000000000000000001000000000000000000000000000000000111000000000000000001000000000000111110101010101000010101010101000110101010101001000000000000110101010101011111101010101011000101010101011
000101101101101110000000000000000000111110110110110111111011011011011011000001101101110001000000000000000010110110111000011011011011111011011011011001000000000000111101101101110111110110110111
001000000000000000111000000000000000001000000000000000111000000000000000000100000000000000100000000000000100000000000000100000000000111100000000000001100000000000110100000000000000100000000000
000100100100100101000001001001001001000000000000000000111010010010010010000011011011011000010110110111001000000000000000001101101110111110110110111111101101101110001000000000000111011011011011
000100000000000000000100000000000000111100000000000000111100000000000000000100000000000000100000000000000100000000000000100000000000000010000000000111010000000000000110000000000111110000000000
000100110011001101000001100110011010111110011001100110111011001100110011000100000000000000100000000000000100000000000000100000000000111100000000000000100000000000000100000000000111100000000000
001000000000000000000000000000000000111000000000000000000000000000000000000110101010101000010101010101111110101010101001000000000000111010101010101000010101010101001010101010101111000000000000
001000000000000000000000000000000000111000000000000000000000000000000000000110101010101000010101010101111110101010101001000000000000000101010101011111101010101011110101010101011001000000000000
000100110011001101000001100110011010111110011001100110111011001100110011000100000000000000100000000000000100000000000000100000000000000100000000000111100000000000111100000000000000100000000000
000100000000000000000100000000000000111100000000000000111100000000000000000100000000000000100000000000000100000000000000100000000000111110000000000000110000000000111010000000000000010000000000
000100100100100101000001001001001001000000000000000000111010010010010010000011011011011000010110110111001000000000000000001101101110000001001001001000010010010010111000000000000000100100100101
001000000000000000111000000000000000001000000000000000111000000000000000000100000000000000100000000000000100000000000000100000000000000100000000000110100000000000001100000000000111100000000000
000101101101101110000000000000000000111110110110110111111011011011011011000001101101110001000000000000000010110110111000011011011011000100100100101111000000000000000010010010010000001001001001
000000000000000000001000000000000000000000000000000000111000000000000000001000000000000111110101010101000010101010101000110101010101111000000000000001010101010101000010101010101111010101010101
000000000000000000000000000000000000000000000000000000000000000000000000000000000000000000000000000000000000000000000000000000000000000000000000000000000000000000000000000000000000000000000000
