000000000000000000000000000000000000000000000000000000000000000000000000000000000000000000000000000000000000000000000000000000000000000000000000000000000000000000000000000000000000000000000000000000000000
000000000000000000010000000000000000110000000000000000000000000000000000000001000000000000010001000100111011101111111011000101000000000000000000001000000000000110000000000000001000000000000000000000000000
001000000000000000000000000000000000111000000000000000000000000000000000001001000010011110000001000000000000110111111101100010000000000000000000111100000000000001000000000000111100000000000000000000000000
010000000000000000110000000000000000000000000000000000000000000000000000010010000100111011101110111011000101000001000000000000000000000000000000111000000000000010000000000000111000000000000000000000000000
010000000000000000110000000000000000000000000000000000000000000000000000010010000100111011101110111011000101000001000000000000000000000000000000001000000000000110000000000000001000000000000000000000000000
001000000000000000000000000000000000111000000000000000000000000000000000001001000010011110000001000000000000110111111101100010000000000000000000000100000000000111000000000000000100000000000000000000000000
000000000000000000010000000000000000110000000000000000000000000000000000000001000000000000010001000100111011101111111011000101000000000000000000111000000000000010000000000000111000000000000000000000000000
000000000000000000000000000000000000000000000000000000000000000000000000000000000000000000000000000000000000000000000000000000000000000000000000000000000000000000000000000000000000000000000000000000000000
000000000000000000000000000000000000000000000000000000000000000000000000000000000000000000000000000000000000000000000000000000000000000000000000000000000000000000000000000000000000000000000000000000000000
000000000000000000001000000000000000000000000000000000111000000000000000000001000000000000001001000010011110000000000000000000110111111101100010001000000000000110100000000000000000000000000000100000000000
000101010101010101000000000000000000000000000000000000111010101010101011000110010110111110000001000000000000000000000000000000111010101001000010111010101010101001000000000000000000000000000111101010101011
010000000000000000110000000000000000000000000000000000000000000000000000010011000100111011101101111011000101000000000000000000000001000000000000110000000000000011000000000000000000000000000111000000000000
010000000000000000110000000000000000000000000000000000000000000000000000010011000100111011101101111011000101000000000000000000000001000000000000010000000000000101000000000000000000000000000001000000000000
000101010101010101000000000000000000000000000000000000111010101010101011000110010110111110000001000000000000000000000000000000111010101001000010000101010101011111000000000000000000000000000000010101010101
000000000000000000001000000000000000000000000000000000111000000000000000000001000000000000001001000010011110000000000000000000110111111101100010111000000000000001100000000000000000000000000111100000000000
000000000000000000000000000000000000000000000000000000000000000000000000000000000000000000000000000000000000000000000000000000000000000000000000000000000000000000000000000000000000000000000000000000000000
000000000000000000000000000000000000000000000000000000000000000000000000000000000000000000000000000000000000000000000000000000000000000000000000000000000000000000000000000000000000000000000000000000000000
000000000000000000000000000000000000010000000000000000110000000000000000000001000000000000000000000000000000010010000100111011101110111011000101001000000000000000000000000000101000000000000010000000000000
000101010101010101000000000000000000000000000000000000111010101010101011000110101100010100000000000000000000000001000000000000111010010011101100111101010101011000000000000000001000000000000111010101010101
001000000000000000000000000000000000111000000000000000000000000000000000001010000010011110000000000000000000110110111101100010000001000000000000111100000000000000000000000000001100000000000111000000000000
001000000000000000000000000000000000111000000000000000000000000000000000001010000010011110000000000000000000110110111101100010000001000000000000000100000000000000000000000000110100000000000001000000000000
000101010101010101000000000000000000000000000000000000111010101010101011000110101100010100000000000000000000000001000000000000111010010011101100000010101010101000000000000000111000000000000000101010101011
000000000000000000000000000000000000010000000000000000110000000000000000000001000000000000000000000000000000010010000100111011101110111011000101111000000000000000000000000000011000000000000110000000000000
000000000000000000000000000000000000000000000000000000000000000000000000000000000000000000000000000000000000000000000000000000000000000000000000000000000000000000000000000000000000000000000000000000000000
000000000000000000000000000000000000000000000000000000000000000000000000000000000000000000000000000000000000000000000000000000000000000000000000000000000000000000000000000000000000000000000000000000000000
000000000000000000000000000000000000010000000000000000110000000000000000000000000000000000000001000000000000010011000100111011101101111011000101000000000000000001000000000000110000000000000001000000000000
000000000000000000001000000000000000000000000000000000111000000000000000000000000000000000001010000010011110000001000000000000110110111101100010000000000000000111100000000000001000000000000111100000000000
000000000000000000010000000000000000110000000000000000000000000000000000000000000000000000010100000100111011101100111011000101000001000000000000000000000000000111000000000000010000000000000111000000000000
000000000000000000010000000000000000110000000000000000000000000000000000000000000000000000010100000100111011101100111011000101000001000000000000000000000000000001000000000000110000000000000001000000000000
000000000000000000001000000000000000000000000000000000111000000000000000000000000000000000001010000010011110000001000000000000110110111101100010000000000000000000100000000000111000000000000000100000000000
000000000000000000000000000000000000010000000000000000110000000000000000000000000000000000000001000000000000010011000100111011101101111011000101000000000000000111000000000000010000000000000111000000000000
000000000000000000000000000000000000000000000000000000000000000000000000000000000000000000000000000000000000000000000000000000000000000000000000000000000000000000000000000000000000000000000000000000000000
000000000000000000000000000000000000000000000000000000000000000000000000000000000000000000000000000000000000000000000000000000000000000000000000000000000000000000000000000000000000000000000000000000000000
000000000000000000001000000000000000000000000000000000111000000000000000000001000000000000001000110111110011000000010101010101110111110010111000001000000000000110101010101011111101010101011000101010101011
000101101101101110000000000000000000111110110110110111111011011011011011000110101010111010000001000000000000111111000100001110111011010000111000111011011011011001000000000000111101101101110111110110110111
001000000000000000111000000000000000001000000000000000111000000000000000001001100010011110110111011101100010001001100010011110110111011101100010111100000000000001100000000000110100000000000000100000000000
000100100100100101000001001001001001000000000000000000111010010010010010000101100101111111000001101001100000000001000000000000111001110000100010111110110110111111101101101110001000000000000111011011011011
000100000000000000000100000000000000111100000000000000111100000000000000000101000001001111000101000001001111111011111110110001111011111110110001000010000000000111010000000000000110000000000111110000000000
000100110011001101000001100110011010111110011001100110111011001100110011000101111011000101000010010011101100111110101100010100111011000100111011111100000000000000100000000000000100000000000111100000000000
001000000000000000000000000000000000111000000000000000000000000000000000001001110111110011000000010101010101110110110010111000000001000000000000111010101010101000010101010101001010101010101111000000000000
001000000000000000000000000000000000111000000000000000000000000000000000001001110111110011000000010101010101110110110010111000000001000000000000000101010101011111101010101011110101010101011001000000000000
000100110011001101000001100110011010111110011001100110111011001100110011000101111011000101000010010011101100111110101100010100111011000100111011000100000000000111100000000000111100000000000000100000000000
000100000000000000000100000000000000111100000000000000111100000000000000000101000001001111000101000001001111111011111110110001111011111110110001111110000000000000110000000000111010000000000000010000000000
000100100100100101000001001001001001000000000000000000111010010010010010000101100101111111000001101001100000000001000000000000111001110000100010000001001001001000010010010010111000000000000000100100100101
001000000000000000111000000000000000001000000000000000111000000000000000001001100010011110110111011101100010001001100010011110110111011101100010000100000000000110100000000000001100000000000111100000000000
000101101101101110000000000000000000111110110110110111111011011011011011000110101010111010000001000000000000111111000100001110111011010000111000000100100100101111000000000000000010010010010000001001001001
000000000000000000001000000000000000000000000000000000111000000000000000000001000000000000001000110111110011000000010101010101110111110010111000111000000000000001010101010101000010101010101111010101010101
000000000000000000000000000000000000000000000000000000000000000000000000000000000000000000000000000000000000000000000000000000000000000000000000000000000000000000000000000000000000000000000000000000000000
000000000000000000000000000000000000000000000000000000000000000000000000000000000000000000000000000000000000000000000000000000000000000000000000000000000000000000000000000000000000000000000000000000000000
000000000000000000001000000000000000000000000000000000111000000000000000000001000000000000001000110111110011000000010101010101110111110010111000001000000000000110101010101011111101010101011000101010101011
000101101101101110000000000000000000111110110110110111111011011011011011000110101010111010000001000000000000111111000100001110111011010000111000111011011011011001000000000000111101101101110111110110110111
001000000000000000111000000000000000001000000000000000111000000000000000001001100010011110110111011101100010001001100010011110110111011101100010111100000000000001100000000000110100000000000000100000000000
000100100100100101000001001001001001000000000000000000111010010010010010000101100101111111000001101001100000000001000000000000111001110000100010111110110110111111101101101110001000000000000111011011011011
000100000000000000000100000000000000111100000000000000111100000000000000000101000001001111000101000001001111111011111110110001111011111110110001000010000000000111010000000000000110000000000111110000000000
000100110011001101000001100110011010111110011001100110111011001100110011000101111011000101000010010011101100111110101100010100111011000100111011111100000000000000100000000000000100000000000111100000000000
001000000000000000000000000000000000111000000000000000000000000000000000001001110111110011000000010101010101110110110010111000000001000000000000111010101010101000010101010101001010101010101111000000000000
001000000000000000000000000000000000111000000000000000000000000000000000001001110111110011000000010101010101110110110010111000000001000000000000000101010101011111101010101011110101010101011001000000000000
000100110011001101000001100110011010111110011001100110111011001100110011000101111011000101000010010011101100111110101100010100111011000100111011000100000000000111100000000000111100000000000000100000000000
000100000000000000000100000000000000111100000000000000111100000000000000000101000001001111000101000001001111111011111110110001111011111110110001111110000000000000110000000000111010000000000000010000000000
000100100100100101000001001001001001000000000000000000111010010010010010000101100101111111000001101001100000000001000000000000111001110000100010000001001001001000010010010010111000000000000000100100100101
001000000000000000111000000000000000001000000000000000111000000000000000001001100010011110110111011101100010001001100010011110110111011101100010000100000000000110100000000000001100000000000111100000000000
000101101101101110000000000000000000111110110110110111111011011011011011000110101010111010000001000000000000111111000100001110111011010000111000000100100100101111000000000000000010010010010000001001001001
000000000000000000001000000000000000000000000000000000111000000000000000000001000000000000001000110111110011000000010101010101110111110010111000111000000000000001010101010101000010101010101111010101010101
000000000000000000000000000000000000000000000000000000000000000000000000000000000000000000000000000000000000000000000000000000000000000000000000000000000000000000000000000000000000000000000000000000000000