-2 1 1 1 419.425 65.3801
-2 1 1 3 442.925 63.2801
-2 1 2 1 419.425 65.3801
-2 1 2 3 442.925 63.2801
-2 1 3 1 419.425 65.3801
-2 1 3 3 442.925 63.2801
-2 1 4 1 419.425 65.3801
-2 1 4 3 442.925 63.2801
-2 1 5 1 419.425 65.3801
-2 1 5 3 442.925 63.2801
-2 1 6 1 419.425 65.3801
-2 1 6 3 442.925 63.2801
-2 1 7 1 419.425 65.3801
-2 1 7 3 442.925 63.2801
-2 1 8 1 419.425 65.3801
-2 1 8 3 442.925 63.2801
-2 1 9 1 419.425 65.3801
-2 1 9 3 442.925 63.2801
-2 1 10 1 419.425 65.3801
-2 1 10 3 442.925 63.2801
-2 1 11 1 419.425 65.3801
-2 1 11 3 442.925 63.2801
-2 1 12 1 419.425 65.3801
-2 1 12 3 442.925 63.2801
-2 2 1 1 500.725 142.98
-2 2 1 3 524.225 147.18
-2 2 2 1 500.725 142.98
-2 2 2 3 524.225 147.18
-2 2 3 1 500.725 142.98
-2 2 3 3 524.225 147.18
-2 2 4 1 500.725 142.98
-2 2 4 3 524.225 147.18
-2 2 5 1 500.725 142.98
-2 2 5 3 524.225 147.18
-2 2 6 1 500.725 142.98
-2 2 6 3 524.225 147.18
-2 2 7 1 500.725 142.98
-2 2 7 3 524.225 147.18
-2 2 8 1 500.725 142.98
-2 2 8 3 524.225 147.18
-2 2 9 1 500.725 142.98
-2 2 9 3 524.225 147.18
-2 2 10 1 500.725 142.98
-2 2 10 3 524.225 147.18
-2 2 11 1 500.725 142.98
-2 2 11 3 524.225 147.18
-2 2 12 1 500.725 142.98
-2 2 12 3 524.225 147.18
-2 3 1 1 607.925 129.57
-2 3 1 3 631.425 129.57
-2 3 2 1 607.925 129.57
-2 3 2 3 631.425 129.57
-2 3 3 1 607.925 129.57
-2 3 3 3 631.425 129.57
-2 3 4 1 607.925 129.57
-2 3 4 3 631.425 129.57
-2 3 5 1 607.925 129.57
-2 3 5 3 631.425 129.57
-2 3 6 1 607.925 129.57
-2 3 6 3 631.425 129.57
-2 3 7 1 607.925 129.57
-2 3 7 3 631.425 129.57
-2 3 8 1 607.925 129.57
-2 3 8 3 631.425 129.57
-2 3 9 1 607.925 129.57
-2 3 9 3 631.425 129.57
-2 3 10 1 607.925 129.57
-2 3 10 3 631.425 129.57
-2 3 11 1 607.925 129.57
-2 3 11 3 631.425 129.57
-2 3 12 1 607.925 129.57
-2 3 12 3 631.425 129.57
-2 4 1 1 710.25 291.245
-2 4 1 3 733.75 299.645
-2 4 2 1 710.25 291.245
-2 4 2 3 733.75 299.645
-2 4 3 1 710.25 291.245
-2 4 3 3 733.75 299.645
-2 4 4 1 710.25 310.9
-2 4 4 3 733.75 310.9
-2 4 13 1 710.25 -10.5999
-2 4 13 3 733.75 -10.5999
-2 4 5 1 710.25 109.855
-2 4 5 3 733.75 101.455
-2 4 6 1 710.25 109.855
-2 4 6 3 733.75 101.455
-2 4 7 1 710.25 109.855
-2 4 7 3 733.75 101.455
-2 4 8 1 710.25 109.85
-2 4 8 3 733.75 101.45
-2 4 9 1 712.699 93.767
-2 4 9 3 736.199 93.767
-2 4 10 1 710.25 259.62
-2 4 10 3 733.75 263.82
-2 4 14 1 710.25 -9.71994
-2 4 14 3 733.75 -13.9199
-2 4 11 1 712.699 105.733
-2 4 11 3 736.199 105.733
-2 4 12 1 710.25 274.45
-2 4 12 3 733.75 282.85
-1 1 1 1 419.425 65.3801
-1 1 1 3 442.925 63.2801
-1 1 2 1 419.425 65.3801
-1 1 2 3 442.925 63.2801
-1 1 3 1 419.425 65.3801
-1 1 3 3 442.925 63.2801
-1 1 4 1 419.425 65.3801
-1 1 4 3 442.925 63.2801
-1 1 5 1 419.425 65.3801
-1 1 5 3 442.925 63.2801
-1 1 6 1 419.425 65.3801
-1 1 6 3 442.925 63.2801
-1 1 7 1 419.425 65.3801
-1 1 7 3 442.925 63.2801
-1 1 8 1 419.425 65.3801
-1 1 8 3 442.925 63.2801
-1 1 9 1 419.425 65.3801
-1 1 9 3 442.925 63.2801
-1 1 10 1 419.425 65.3801
-1 1 10 3 442.925 63.2801
-1 1 11 1 419.425 65.3801
-1 1 11 3 442.925 63.2801
-1 1 12 1 419.425 65.3801
-1 1 12 3 442.925 63.2801
-1 2 1 1 500.725 142.98
-1 2 1 3 524.225 147.18
-1 2 2 1 500.725 142.98
-1 2 2 3 524.225 147.18
-1 2 3 1 500.725 142.98
-1 2 3 3 524.225 147.18
-1 2 4 1 500.725 142.98
-1 2 4 3 524.225 147.18
-1 2 5 1 500.725 142.98
-1 2 5 3 524.225 147.18
-1 2 6 1 500.725 142.98
-1 2 6 3 524.225 147.18
-1 2 7 1 500.725 142.98
-1 2 7 3 524.225 147.18
-1 2 8 1 500.725 142.98
-1 2 8 3 524.225 147.18
-1 2 9 1 500.725 142.98
-1 2 9 3 524.225 147.18
-1 2 10 1 500.725 142.98
-1 2 10 3 524.225 147.18
-1 2 11 1 500.725 142.98
-1 2 11 3 524.225 147.18
-1 2 12 1 500.725 142.98
-1 2 12 3 524.225 147.18
-1 3 1 1 607.925 129.57
-1 3 1 3 631.425 129.57
-1 3 2 1 607.925 129.57
-1 3 2 3 631.425 129.57
-1 3 3 1 607.925 129.57
-1 3 3 3 631.425 129.57
-1 3 4 1 607.925 129.57
-1 3 4 3 631.425 129.57
-1 3 5 1 607.925 129.57
-1 3 5 3 631.425 129.57
-1 3 6 1 607.925 129.57
-1 3 6 3 631.425 129.57
-1 3 7 1 607.925 129.57
-1 3 7 3 631.425 129.57
-1 3 8 1 607.925 129.57
-1 3 8 3 631.425 129.57
-1 3 9 1 607.925 129.57
-1 3 9 3 631.425 129.57
-1 3 10 1 607.925 129.57
-1 3 10 3 631.425 129.57
-1 3 11 1 607.925 129.57
-1 3 11 3 631.425 129.57
-1 3 12 1 607.925 129.57
-1 3 12 3 631.425 129.57
-1 4 1 1 710.25 291.245
-1 4 1 3 733.75 299.645
-1 4 2 1 710.25 291.245
-1 4 2 3 733.75 299.645
-1 4 3 1 710.25 291.245
-1 4 3 3 733.75 299.645
-1 4 4 1 710.25 310.9
-1 4 4 3 733.75 310.9
-1 4 13 1 710.25 -10.5999
-1 4 13 3 733.75 -10.5999
-1 4 5 1 710.25 109.855
-1 4 5 3 733.75 101.455
-1 4 6 1 710.25 109.855
-1 4 6 3 733.75 101.455
-1 4 7 1 710.25 109.855
-1 4 7 3 733.75 101.455
-1 4 8 1 710.25 109.85
-1 4 8 3 733.75 101.45
-1 4 9 1 712.699 93.767
-1 4 9 3 736.199 93.767
-1 4 10 1 710.25 259.62
-1 4 10 3 733.75 263.82
-1 4 14 1 710.25 -9.71994
-1 4 14 3 733.75 -13.9199
-1 4 11 1 712.699 105.733
-1 4 11 3 736.199 105.733
-1 4 12 1 710.25 274.45
-1 4 12 3 733.75 282.85
0 1 1 1 419.425 65.3801
0 1 1 3 442.925 63.2801
0 1 5 1 419.425 65.3801
0 1 5 3 442.925 63.2801
0 1 9 1 419.425 65.3801
0 1 9 3 442.925 63.2801
0 1 2 1 419.425 140.42
0 1 2 3 442.925 142.52
0 1 6 1 419.425 140.42
0 1 6 3 442.925 142.52
0 1 10 1 419.425 140.42
0 1 10 3 442.925 142.52
0 1 3 1 419.425 140.42
0 1 3 3 442.925 142.52
0 1 7 1 419.425 140.42
0 1 7 3 442.925 142.52
0 1 11 1 419.425 140.42
0 1 11 3 442.925 142.52
0 1 4 1 419.425 65.3801
0 1 4 3 442.925 63.2801
0 1 8 1 419.425 65.3801
0 1 8 3 442.925 63.2801
0 1 12 1 419.425 65.3801
0 1 12 3 442.925 63.2801
0 2 1 1 500.725 142.98
0 2 1 3 524.225 147.18
0 2 5 1 500.725 142.98
0 2 5 3 524.225 147.18
0 2 9 1 500.725 142.98
0 2 9 3 524.225 147.18
0 2 2 1 500.725 106.92
0 2 2 3 524.225 102.72
0 2 6 1 500.725 106.92
0 2 6 3 524.225 102.72
0 2 10 1 500.725 106.92
0 2 10 3 524.225 102.72
0 2 3 1 500.725 106.92
0 2 3 3 524.225 102.72
0 2 7 1 500.725 106.92
0 2 7 3 524.225 102.72
0 2 11 1 500.725 106.92
0 2 11 3 524.225 102.72
0 2 4 1 500.725 142.98
0 2 4 3 524.225 147.18
0 2 8 1 500.725 142.98
0 2 8 3 524.225 147.18
0 2 12 1 500.725 142.98
0 2 12 3 524.225 147.18
0 3 1 1 607.925 129.57
0 3 1 3 631.425 129.57
0 3 5 1 607.925 129.57
0 3 5 3 631.425 129.57
0 3 9 1 607.925 129.57
0 3 9 3 631.425 129.57
0 3 2 1 607.925 170.73
0 3 2 3 631.425 170.73
0 3 6 1 607.925 170.73
0 3 6 3 631.425 170.73
0 3 10 1 607.925 170.73
0 3 10 3 631.425 170.73
0 3 3 1 607.925 170.73
0 3 3 3 631.425 170.73
0 3 7 1 607.925 170.73
0 3 7 3 631.425 170.73
0 3 11 1 607.925 170.73
0 3 11 3 631.425 170.73
0 3 4 1 607.925 129.57
0 3 4 3 631.425 129.57
0 3 8 1 607.925 129.57
0 3 8 3 631.425 129.57
0 3 12 1 607.925 129.57
0 3 12 3 631.425 129.57
0 4 1 1 710.25 291.245
0 4 1 3 733.75 299.645
0 4 2 1 710.25 109.855
0 4 2 3 733.75 101.455
0 4 3 1 710.25 109.855
0 4 3 3 733.75 101.455
0 4 4 1 710.25 310.9
0 4 4 3 733.75 310.9
0 4 13 1 710.25 -10.5999
0 4 13 3 733.75 -10.5999
0 4 5 1 710.25 109.855
0 4 5 3 733.75 101.455
0 4 6 1 710.25 291.245
0 4 6 3 733.75 299.645
0 4 7 1 710.25 291.245
0 4 7 3 733.75 299.645
0 4 8 1 710.25 109.85
0 4 8 3 733.75 101.45
0 4 9 1 712.699 93.767
0 4 9 3 736.199 93.767
0 4 10 1 710.25 -9.71994
0 4 10 3 733.75 -13.9199
0 4 14 1 710.25 259.62
0 4 14 3 733.75 263.82
0 4 11 1 712.699 93.767
0 4 11 3 736.199 93.767
0 4 12 1 710.25 274.45
0 4 12 3 733.75 282.85
1 1 1 1 419.425 140.42
1 1 1 3 442.925 142.52
1 1 2 1 419.425 140.42
1 1 2 3 442.925 142.52
1 1 3 1 419.425 140.42
1 1 3 3 442.925 142.52
1 1 4 1 419.425 140.42
1 1 4 3 442.925 142.52
1 1 5 1 419.425 140.42
1 1 5 3 442.925 142.52
1 1 6 1 419.425 140.42
1 1 6 3 442.925 142.52
1 1 7 1 419.425 140.42
1 1 7 3 442.925 142.52
1 1 8 1 419.425 140.42
1 1 8 3 442.925 142.52
1 1 9 1 419.425 140.42
1 1 9 3 442.925 142.52
1 1 10 1 419.425 140.42
1 1 10 3 442.925 142.52
1 1 11 1 419.425 140.42
1 1 11 3 442.925 142.52
1 1 12 1 419.425 140.42
1 1 12 3 442.925 142.52
1 2 1 1 500.725 106.92
1 2 1 3 524.225 102.72
1 2 2 1 500.725 106.92
1 2 2 3 524.225 102.72
1 2 3 1 500.725 106.92
1 2 3 3 524.225 102.72
1 2 4 1 500.725 106.92
1 2 4 3 524.225 102.72
1 2 5 1 500.725 106.92
1 2 5 3 524.225 102.72
1 2 6 1 500.725 106.92
1 2 6 3 524.225 102.72
1 2 7 1 500.725 106.92
1 2 7 3 524.225 102.72
1 2 8 1 500.725 106.92
1 2 8 3 524.225 102.72
1 2 9 1 500.725 106.92
1 2 9 3 524.225 102.72
1 2 10 1 500.725 106.92
1 2 10 3 524.225 102.72
1 2 11 1 500.725 106.92
1 2 11 3 524.225 102.72
1 2 12 1 500.725 106.92
1 2 12 3 524.225 102.72
1 3 1 1 607.925 170.73
1 3 1 3 631.425 170.73
1 3 2 1 607.925 170.73
1 3 2 3 631.425 170.73
1 3 3 1 607.925 170.73
1 3 3 3 631.425 170.73
1 3 4 1 607.925 170.73
1 3 4 3 631.425 170.73
1 3 5 1 607.925 170.73
1 3 5 3 631.425 170.73
1 3 6 1 607.925 170.73
1 3 6 3 631.425 170.73
1 3 7 1 607.925 170.73
1 3 7 3 631.425 170.73
1 3 8 1 607.925 170.73
1 3 8 3 631.425 170.73
1 3 9 1 607.925 170.73
1 3 9 3 631.425 170.73
1 3 10 1 607.925 170.73
1 3 10 3 631.425 170.73
1 3 11 1 607.925 170.73
1 3 11 3 631.425 170.73
1 3 12 1 607.925 170.73
1 3 12 3 631.425 170.73
1 4 1 1 710.25 109.855
1 4 1 3 733.75 101.455
1 4 2 1 710.25 109.855
1 4 2 3 733.75 101.455
1 4 3 1 710.25 109.855
1 4 3 3 733.75 101.455
1 4 4 1 710.25 -10.5999
1 4 4 3 733.75 -10.5999
1 4 13 1 710.25 310.9
1 4 13 3 733.75 310.9
1 4 5 1 710.25 291.245
1 4 5 3 733.75 299.645
1 4 6 1 710.25 291.245
1 4 6 3 733.75 299.645
1 4 7 1 710.25 291.245
1 4 7 3 733.75 299.645
1 4 8 1 710.25 274.45
1 4 8 3 733.75 282.85
1 4 9 1 712.699 105.733
1 4 9 3 736.199 105.733
1 4 10 1 710.25 -9.71994
1 4 10 3 733.75 -13.9199
1 4 14 1 710.25 259.62
1 4 14 3 733.75 263.82
1 4 11 1 712.699 93.767
1 4 11 3 736.199 93.767
1 4 12 1 710.25 109.85
1 4 12 3 733.75 101.45
2 1 1 1 419.425 140.42
2 1 1 3 442.925 142.52
2 1 2 1 419.425 140.42
2 1 2 3 442.925 142.52
2 1 3 1 419.425 140.42
2 1 3 3 442.925 142.52
2 1 4 1 419.425 140.42
2 1 4 3 442.925 142.52
2 1 5 1 419.425 140.42
2 1 5 3 442.925 142.52
2 1 6 1 419.425 140.42
2 1 6 3 442.925 142.52
2 1 7 1 419.425 140.42
2 1 7 3 442.925 142.52
2 1 8 1 419.425 140.42
2 1 8 3 442.925 142.52
2 1 9 1 419.425 140.42
2 1 9 3 442.925 142.52
2 1 10 1 419.425 140.42
2 1 10 3 442.925 142.52
2 1 11 1 419.425 140.42
2 1 11 3 442.925 142.52
2 1 12 1 419.425 140.42
2 1 12 3 442.925 142.52
2 2 1 1 500.725 106.92
2 2 1 3 524.225 102.72
2 2 2 1 500.725 106.92
2 2 2 3 524.225 102.72
2 2 3 1 500.725 106.92
2 2 3 3 524.225 102.72
2 2 4 1 500.725 106.92
2 2 4 3 524.225 102.72
2 2 5 1 500.725 106.92
2 2 5 3 524.225 102.72
2 2 6 1 500.725 106.92
2 2 6 3 524.225 102.72
2 2 7 1 500.725 106.92
2 2 7 3 524.225 102.72
2 2 8 1 500.725 106.92
2 2 8 3 524.225 102.72
2 2 9 1 500.725 106.92
2 2 9 3 524.225 102.72
2 2 10 1 500.725 106.92
2 2 10 3 524.225 102.72
2 2 11 1 500.725 106.92
2 2 11 3 524.225 102.72
2 2 12 1 500.725 106.92
2 2 12 3 524.225 102.72
2 3 1 1 607.925 170.73
2 3 1 3 631.425 170.73
2 3 2 1 607.925 170.73
2 3 2 3 631.425 170.73
2 3 3 1 607.925 170.73
2 3 3 3 631.425 170.73
2 3 4 1 607.925 170.73
2 3 4 3 631.425 170.73
2 3 5 1 607.925 170.73
2 3 5 3 631.425 170.73
2 3 6 1 607.925 170.73
2 3 6 3 631.425 170.73
2 3 7 1 607.925 170.73
2 3 7 3 631.425 170.73
2 3 8 1 607.925 170.73
2 3 8 3 631.425 170.73
2 3 9 1 607.925 170.73
2 3 9 3 631.425 170.73
2 3 10 1 607.925 170.73
2 3 10 3 631.425 170.73
2 3 11 1 607.925 170.73
2 3 11 3 631.425 170.73
2 3 12 1 607.925 170.73
2 3 12 3 631.425 170.73
2 4 1 1 710.25 109.855
2 4 1 3 733.75 101.455
2 4 2 1 710.25 109.855
2 4 2 3 733.75 101.455
2 4 3 1 710.25 109.855
2 4 3 3 733.75 101.455
2 4 4 1 710.25 -10.5999
2 4 4 3 733.75 -10.5999
2 4 13 1 710.25 310.9
2 4 13 3 733.75 310.9
2 4 5 1 710.25 291.245
2 4 5 3 733.75 299.645
2 4 6 1 710.25 291.245
2 4 6 3 733.75 299.645
2 4 7 1 710.25 291.245
2 4 7 3 733.75 299.645
2 4 8 1 710.25 274.45
2 4 8 3 733.75 282.85
2 4 9 1 712.699 105.733
2 4 9 3 736.199 105.733
2 4 10 1 710.25 -9.71994
2 4 10 3 733.75 -13.9199
2 4 14 1 710.25 259.62
2 4 14 3 733.75 263.82
2 4 11 1 712.699 93.767
2 4 11 3 736.199 93.767
2 4 12 1 710.25 109.85
2 4 12 3 733.75 101.45
