-2 1 1 1 419.938 65.6091
-2 1 1 3 443.438 63.5061
-2 1 2 1 419.61 65.7501
-2 1 2 3 443.11 63.6041
-2 1 3 1 418.957 65.6121
-2 1 3 3 442.457 63.4701
-2 1 4 1 418.642 65.2571
-2 1 4 3 442.142 63.1571
-2 1 5 1 418.911 64.6201
-2 1 5 3 442.411 62.5701
-2 1 6 1 419.779 64.6761
-2 1 6 3 443.279 62.6211
-2 1 7 1 420.285 65.2521
-2 1 7 3 443.785 63.1541
-2 1 8 1 420.072 65.7971
-2 1 8 3 443.572 63.6531
-2 1 9 1 419.376 65.7631
-2 1 9 3 442.876 63.6111
-2 1 10 1 418.957 65.4811
-2 1 10 3 442.457 63.3931
-2 1 11 1 419.204 65.1841
-2 1 11 3 442.704 63.1631
-2 1 12 1 419.777 65.1971
-2 1 12 3 443.277 63.1641
-2 2 1 1 501.232 143.255
-2 2 1 3 524.732 147.435
-2 2 2 1 500.836 143.257
-2 2 2 3 524.336 147.399
-2 2 3 1 500.2 143.245
-2 2 3 3 523.7 147.384
-2 2 4 1 499.944 142.872
-2 2 4 3 523.444 147.043
-2 2 5 1 500.34 142.187
-2 2 5 3 523.84 146.406
-2 2 6 1 501.097 142.26
-2 2 6 3 524.597 146.491
-2 2 7 1 501.533 142.761
-2 2 7 3 525.033 146.944
-2 2 8 1 501.286 143.205
-2 2 8 3 524.786 147.355
-2 2 9 1 500.584 143.183
-2 2 9 3 524.084 147.314
-2 2 10 1 500.494 143.08
-2 2 10 3 523.994 147.307
-2 2 11 1 500.506 142.837
-2 2 11 3 524.005 147.062
-2 2 12 1 501.209 142.843
-2 2 12 3 524.709 147.09
-2 3 1 1 608.437 129.774
-2 3 1 3 631.937 129.767
-2 3 2 1 608.091 129.838
-2 3 2 3 631.591 129.789
-2 3 3 1 607.592 129.697
-2 3 3 3 631.092 129.664
-2 3 4 1 607.226 129.333
-2 3 4 3 630.726 129.334
-2 3 5 1 607.605 128.819
-2 3 5 3 631.104 128.863
-2 3 6 1 608.333 128.83
-2 3 6 3 631.833 128.865
-2 3 7 1 608.781 129.283
-2 3 7 3 632.281 129.283
-2 3 8 1 608.486 129.66
-2 3 8 3 631.986 129.615
-2 3 9 1 607.89 129.657
-2 3 9 3 631.39 129.615
-2 3 10 1 607.626 129.684
-2 3 10 3 631.126 129.685
-2 3 11 1 607.747 129.472
-2 3 11 3 631.247 129.521
-2 3 12 1 608.38 129.479
-2 3 12 3 631.88 129.525
-2 4 1 1 710.94 291.25
-2 4 1 3 734.44 299.667
-2 4 2 1 710.371 291.325
-2 4 2 3 733.872 299.686
-2 4 3 1 710.09 291.271
-2 4 3 3 733.59 299.698
-2 4 4 1 710.625 310.643
-2 4 4 3 734.125 310.703
-2 4 13 1 710.212 -10.9409
-2 4 13 3 733.713 -10.9759
-2 4 5 1 709.962 109.257
-2 4 5 3 733.462 100.866
-2 4 6 1 710.715 109.264
-2 4 6 3 734.215 100.879
-2 4 7 1 711.18 109.622
-2 4 7 3 734.68 101.192
-2 4 8 1 710.772 109.965
-2 4 8 3 734.272 101.539
-2 4 9 1 712.816 94.052
-2 4 9 3 736.317 93.982
-2 4 10 1 710.235 259.655
-2 4 10 3 733.735 263.886
-2 4 14 1 710.004 -9.65494
-2 4 14 3 733.504 -13.8619
-2 4 11 1 712.78 105.59
-2 4 11 3 736.28 105.624
-2 4 12 1 710.809 274.491
-2 4 12 3 734.309 282.95
-1 1 1 1 420.21 65.1711
-1 1 1 3 443.71 63.0821
-1 1 2 1 420.075 65.8751
-1 1 2 3 443.575 63.7231
-1 1 3 1 419.363 65.7531
-1 1 3 3 442.863 63.6111
-1 1 4 1 418.949 65.5151
-1 1 4 3 442.449 63.4371
-1 1 5 1 419.078 65.0101
-1 1 5 3 442.578 62.9451
-1 1 6 1 419.604 65.0831
-1 1 6 3 443.104 63.0141
-1 1 7 1 419.797 65.2691
-1 1 7 3 443.297 63.1611
-1 1 8 1 419.626 65.4891
-1 1 8 3 443.126 63.3271
-1 1 9 1 419.082 65.4081
-1 1 9 3 442.582 63.2521
-1 1 10 1 418.792 65.0841
-1 1 10 3 442.292 62.9901
-1 1 11 1 419.295 64.6261
-1 1 11 3 442.795 62.5741
-1 1 12 1 419.977 64.7371
-1 1 12 3 443.477 62.6911
-1 2 1 1 501.558 142.995
-1 2 1 3 525.058 147.169
-1 2 2 1 501.351 143.392
-1 2 2 3 524.851 147.555
-1 2 3 1 500.713 143.448
-1 2 3 3 524.213 147.591
-1 2 4 1 500.191 143.2
-1 2 4 3 523.691 147.37
-1 2 5 1 500.44 142.773
-1 2 5 3 523.94 147.005
-1 2 6 1 500.965 142.655
-1 2 6 3 524.465 146.905
-1 2 7 1 501.047 142.747
-1 2 7 3 524.547 146.92
-1 2 8 1 500.911 142.923
-1 2 8 3 524.411 147.052
-1 2 9 1 500.339 142.972
-1 2 9 3 523.839 147.073
-1 2 10 1 500.267 142.625
-1 2 10 3 523.767 146.831
-1 2 11 1 500.596 142.286
-1 2 11 3 524.096 146.497
-1 2 12 1 501.305 142.474
-1 2 12 3 524.805 146.703
-1 3 1 1 608.78 129.772
-1 3 1 3 632.28 129.756
-1 3 2 1 608.493 129.922
-1 3 2 3 631.993 129.9
-1 3 3 1 607.937 129.941
-1 3 3 3 631.437 129.896
-1 3 4 1 607.526 129.673
-1 3 4 3 631.026 129.67
-1 3 5 1 607.601 129.326
-1 3 5 3 631.101 129.356
-1 3 6 1 608.073 128.871
-1 3 6 3 631.573 128.913
-1 3 7 1 608.334 129.194
-1 3 7 3 631.834 129.187
-1 3 8 1 608.224 129.355
-1 3 8 3 631.725 129.3
-1 3 9 1 607.636 129.362
-1 3 9 3 631.137 129.317
-1 3 10 1 606.919 129.238
-1 3 10 3 630.417 129.228
-1 3 11 1 607.754 129.032
-1 3 11 3 631.254 129.078
-1 3 12 1 608.586 129.186
-1 3 12 3 632.086 129.245
-1 4 1 1 711.37 291.119
-1 4 1 3 734.87 299.564
-1 4 2 1 710.602 291.323
-1 4 2 3 734.102 299.678
-1 4 3 1 710.482 291.311
-1 4 3 3 733.982 299.724
-1 4 4 1 710.104 310.808
-1 4 4 3 733.604 310.802
-1 4 13 1 709.897 -10.6699
-1 4 13 3 733.397 -10.6619
-1 4 5 1 709.817 109.555
-1 4 5 3 733.317 101.176
-1 4 6 1 710.489 109.546
-1 4 6 3 733.989 101.164
-1 4 7 1 710.815 109.559
-1 4 7 3 734.315 101.142
-1 4 8 1 710.511 109.736
-1 4 8 3 734.011 101.302
-1 4 9 1 712.482 93.588
-1 4 9 3 735.982 93.583
-1 4 10 1 710.245 259.392
-1 4 10 3 733.745 263.605
-1 4 14 1 709.626 -10.0139
-1 4 14 3 733.126 -14.2019
-1 4 11 1 712.74 105.108
-1 4 11 3 736.239 105.137
-1 4 12 1 711.18 274.275
-1 4 12 3 734.68 282.734
0 1 1 1 420.522 65.5831
0 1 1 3 444.021 63.4681
0 1 5 1 418.784 64.8001
0 1 5 3 442.284 62.7521
0 1 9 1 419.345 65.7731
0 1 9 3 442.845 63.5861
0 1 2 1 419.808 139.598
0 1 2 3 443.308 141.77
0 1 6 1 419.639 141.018
0 1 6 3 443.139 143.04
0 1 10 1 418.81 140.485
0 1 10 3 442.31 142.612
0 1 3 1 418.934 139.671
0 1 3 3 442.434 141.841
0 1 7 1 420.473 140.512
0 1 7 3 443.973 142.639
0 1 11 1 419.077 140.693
0 1 11 3 442.577 142.717
0 1 4 1 418.415 65.5321
0 1 4 3 441.915 63.4091
0 1 8 1 420.24 65.8471
0 1 8 3 443.74 63.6471
0 1 12 1 420.014 64.9181
0 1 12 3 443.514 62.9141
0 2 1 1 501.772 143.248
0 2 1 3 525.272 147.47
0 2 5 1 500.163 142.363
0 2 5 3 523.663 146.634
0 2 9 1 500.499 143.291
0 2 9 3 523.999 147.428
0 2 2 1 501.043 106.108
0 2 2 3 524.543 101.978
0 2 6 1 500.965 107.478
0 2 6 3 524.465 103.207
0 2 10 1 499.91 106.756
0 2 10 3 523.41 102.58
0 2 3 1 500.16 106.174
0 2 3 3 523.66 102.021
0 2 7 1 501.601 106.984
0 2 7 3 525.101 102.761
0 2 11 1 500.578 107.086
0 2 11 3 524.078 102.794
0 2 4 1 499.706 143.026
0 2 4 3 523.206 147.217
0 2 8 1 501.268 143.267
0 2 8 3 524.768 147.391
0 2 12 1 501.411 142.529
0 2 12 3 524.912 146.828
0 3 1 1 608.957 129.925
0 3 1 3 632.457 129.911
0 3 5 1 607.221 129.017
0 3 5 3 630.721 129.081
0 3 9 1 607.72 129.842
0 3 9 3 631.22 129.818
0 3 2 1 608.275 170.077
0 3 2 3 631.775 170.124
0 3 6 1 608.192 171.202
0 3 6 3 631.692 171.141
0 3 10 1 607.227 170.791
0 3 10 3 630.727 170.807
0 3 3 1 607.591 170.161
0 3 3 3 631.091 170.212
0 3 7 1 609.315 170.765
0 3 7 3 632.815 170.755
0 3 11 1 607.672 171.115
0 3 11 3 631.172 171.053
0 3 4 1 606.9 129.602
0 3 4 3 630.4 129.578
0 3 8 1 608.468 129.979
0 3 8 3 631.968 129.921
0 3 12 1 608.556 129.169
0 3 12 3 632.056 129.252
0 4 1 1 711.01 291.33
0 4 1 3 734.51 299.718
0 4 2 1 710.364 109.386
0 4 2 3 733.864 101.061
0 4 3 1 709.729 109.458
0 4 3 3 733.229 101.091
0 4 4 1 709.287 310.765
0 4 4 3 732.787 310.756
0 4 13 1 709.5 -10.7569
0 4 13 3 733 -10.7489
0 4 5 1 709.59 109.349
0 4 5 3 733.09 100.993
0 4 6 1 710.197 291.698
0 4 6 3 733.697 300.018
0 4 7 1 711.293 291.192
0 4 7 3 734.793 299.598
0 4 8 1 711.002 110.166
0 4 8 3 734.502 101.803
0 4 9 1 712.301 94.013
0 4 9 3 735.801 94.096
0 4 10 1 709.352 -9.65994
0 4 10 3 732.852 -13.8569
0 4 14 1 710.469 259.752
0 4 14 3 733.968 263.944
0 4 11 1 712.559 94.121
0 4 11 3 736.059 94.089
0 4 12 1 710.974 274.071
0 4 12 3 734.474 282.533
1 1 1 1 420.423 140.364
1 1 1 3 443.923 142.484
1 1 2 1 420.156 139.792
1 1 2 3 443.656 141.956
1 1 3 1 419.432 139.693
1 1 3 3 442.932 141.833
1 1 4 1 418.826 140.174
1 1 4 3 442.326 142.266
1 1 5 1 419.032 140.546
1 1 5 3 442.532 142.598
1 1 6 1 419.526 140.518
1 1 6 3 443.026 142.568
1 1 7 1 419.863 140.348
1 1 7 3 443.363 142.456
1 1 8 1 419.568 140.009
1 1 8 3 443.068 142.161
1 1 9 1 419.05 140.289
1 1 9 3 442.55 142.428
1 1 10 1 418.82 140.766
1 1 10 3 442.32 142.874
1 1 11 1 419.225 141.107
1 1 11 3 442.725 143.146
1 1 12 1 420.09 141.172
1 1 12 3 443.59 143.224
1 2 1 1 501.831 106.87
1 2 1 3 525.331 102.64
1 2 2 1 501.347 106.197
1 2 2 3 524.847 102.049
1 2 3 1 500.729 106.202
1 2 3 3 524.229 102.031
1 2 4 1 500.353 106.574
1 2 4 3 523.853 102.357
1 2 5 1 500.378 106.94
1 2 5 3 523.878 102.672
1 2 6 1 500.854 106.969
1 2 6 3 524.354 102.721
1 2 7 1 501.159 106.874
1 2 7 3 524.659 102.66
1 2 8 1 500.811 106.547
1 2 8 3 524.311 102.391
1 2 9 1 500.312 106.661
1 2 9 3 523.812 102.513
1 2 10 1 500.236 107.189
1 2 10 3 523.736 102.987
1 2 11 1 500.673 107.16
1 2 11 3 524.173 102.899
1 2 12 1 501.385 107.184
1 2 12 3 524.885 102.943
1 3 1 1 608.933 170.614
1 3 1 3 632.433 170.619
1 3 2 1 608.5 170.108
1 3 2 3 632 170.143
1 3 3 1 608.006 170.242
1 3 3 3 631.506 170.274
1 3 4 1 607.474 170.48
1 3 4 3 630.974 170.471
1 3 5 1 607.615 170.774
1 3 5 3 631.115 170.735
1 3 6 1 608.002 171.019
1 3 6 3 631.502 170.966
1 3 7 1 608.343 170.724
1 3 7 3 631.843 170.716
1 3 8 1 608.005 170.497
1 3 8 3 631.505 170.537
1 3 9 1 607.603 170.704
1 3 9 3 631.103 170.727
1 3 10 1 607.353 171.22
1 3 10 3 630.853 171.222
1 3 11 1 607.898 171.169
1 3 11 3 631.398 171.109
1 3 12 1 608.737 171.224
1 3 12 3 632.237 171.179
1 4 1 1 711.37 109.971
1 4 1 3 734.87 101.549
1 4 2 1 710.688 109.561
1 4 2 3 734.188 101.214
1 4 3 1 710.118 109.568
1 4 3 3 733.618 101.166
1 4 4 1 709.767 -10.7609
1 4 4 3 733.267 -10.7389
1 4 13 1 709.837 310.795
1 4 13 3 733.337 310.798
1 4 5 1 709.865 291.27
1 4 5 3 733.365 299.656
1 4 6 1 710.085 291.422
1 4 6 3 733.585 299.762
1 4 7 1 710.759 291.29
1 4 7 3 734.259 299.708
1 4 8 1 710.286 274.455
1 4 8 3 733.786 282.873
1 4 9 1 712.639 105.628
1 4 9 3 736.14 105.766
1 4 10 1 710.2 -9.38094
1 4 10 3 733.7 -13.6169
1 4 14 1 710.17 259.968
1 4 14 3 733.67 264.196
1 4 11 1 712.897 94.57
1 4 11 3 736.397 94.561
1 4 12 1 710.92 110.39
1 4 12 3 734.42 101.971
2 1 1 1 420.394 140.405
2 1 1 3 443.894 142.514
2 1 2 1 420.018 139.951
2 1 2 3 443.518 142.094
2 1 3 1 419.231 139.485
2 1 3 3 442.731 141.624
2 1 4 1 418.836 140.211
2 1 4 3 442.336 142.313
2 1 5 1 419.024 140.605
2 1 5 3 442.524 142.654
2 1 6 1 419.542 140.607
2 1 6 3 443.042 142.664
2 1 7 1 419.947 140.296
2 1 7 3 443.447 142.389
2 1 8 1 419.526 140.054
2 1 8 3 443.026 142.215
2 1 9 1 419.154 140.199
2 1 9 3 442.654 142.335
2 1 10 1 418.832 140.633
2 1 10 3 442.332 142.747
2 1 11 1 419.269 140.745
2 1 11 3 442.769 142.778
2 1 12 1 420.083 140.723
2 1 12 3 443.583 142.775
2 2 1 1 501.571 106.648
2 2 1 3 525.071 102.462
2 2 2 1 501.308 106.143
2 2 2 3 524.808 101.986
2 2 3 1 500.661 106.077
2 2 3 3 524.161 101.914
2 2 4 1 500.202 106.563
2 2 4 3 523.702 102.365
2 2 5 1 500.319 106.821
2 2 5 3 523.819 102.581
2 2 6 1 500.883 106.986
2 2 6 3 524.383 102.731
2 2 7 1 501.136 106.944
2 2 7 3 524.636 102.751
2 2 8 1 500.836 106.391
2 2 8 3 524.336 102.239
2 2 9 1 500.253 106.524
2 2 9 3 523.753 102.364
2 2 10 1 500.199 106.956
2 2 10 3 523.699 102.76
2 2 11 1 500.648 107.04
2 2 11 3 524.148 102.803
2 2 12 1 501.296 106.991
2 2 12 3 524.796 102.729
2 3 1 1 608.811 170.395
2 3 1 3 632.311 170.404
2 3 2 1 608.323 170.079
2 3 2 3 631.823 170.109
2 3 3 1 607.89 169.848
2 3 3 3 631.39 169.881
2 3 4 1 607.395 170.479
2 3 4 3 630.895 170.465
2 3 5 1 607.564 170.86
2 3 5 3 631.064 170.807
2 3 6 1 608.05 170.972
2 3 6 3 631.55 170.919
2 3 7 1 608.334 170.62
2 3 7 3 631.834 170.603
2 3 8 1 608.104 170.329
2 3 8 3 631.604 170.369
2 3 9 1 607.699 170.557
2 3 9 3 631.199 170.582
2 3 10 1 607.379 170.902
2 3 10 3 630.879 170.894
2 3 11 1 607.844 171.004
2 3 11 3 631.344 170.937
2 3 12 1 608.431 170.818
2 3 12 3 631.931 170.749
2 4 1 1 711.398 109.723
2 4 1 3 734.898 101.289
2 4 2 1 710.478 109.464
2 4 2 3 733.978 101.121
2 4 3 1 710.421 109.46
2 4 3 3 733.921 101.036
2 4 4 1 710.122 -10.8929
2 4 4 3 733.622 -10.9019
2 4 13 1 709.465 310.529
2 4 13 3 732.965 310.518
2 4 5 1 710.245 291.195
2 4 5 3 733.745 299.605
2 4 6 1 710.401 291.133
2 4 6 3 733.902 299.507
2 4 7 1 711.059 291.152
2 4 7 3 734.559 299.591
2 4 8 1 710.508 274.199
2 4 8 3 734.008 282.634
2 4 9 1 712.719 105.501
2 4 9 3 736.219 105.421
2 4 10 1 710.038 -9.68094
2 4 10 3 733.538 -13.8849
2 4 14 1 709.598 259.706
2 4 14 3 733.098 263.877
2 4 11 1 713.087 94.171
2 4 11 3 736.587 94.067
2 4 12 1 710.852 110.026
2 4 12 3 734.352 101.576
