0 0 0 505
0 0 1 505
0 0 2 505
0 0 3 505
0 0 4 505
0 0 5 505
0 0 6 505
0 0 7 505
0 0 8 505
0 0 9 505
0 0 10 505
0 0 11 505
0 0 12 -1
0 0 13 -1
0 1 0 495
0 1 1 495
0 1 2 495
0 1 3 495
0 1 4 495
0 1 5 495
0 1 6 495
0 1 7 495
0 1 8 495
0 1 9 495
0 1 10 495
0 1 11 495
0 1 12 -1
0 1 13 -1
0 2 0 495
0 2 1 495
0 2 2 495
0 2 3 495
0 2 4 495
0 2 5 495
0 2 6 495
0 2 7 495
0 2 8 495
0 2 9 495
0 2 10 495
0 2 11 495
0 2 12 -1
0 2 13 -1
0 3 0 495
0 3 1 495
0 3 2 495
0 3 3 495
0 3 4 495
0 3 5 495
0 3 6 495
0 3 7 495
0 3 8 495
0 3 9 495
0 3 10 495
0 3 11 495
0 3 12 495
0 3 13 495
1 0 0 495
1 0 1 495
1 0 2 495
1 0 3 495
1 0 4 495
1 0 5 495
1 0 6 495
1 0 7 495
1 0 8 495
1 0 9 495
1 0 10 495
1 0 11 495
1 0 12 -1
1 0 13 -1
1 1 0 495
1 1 1 495
1 1 2 495
1 1 3 495
1 1 4 495
1 1 5 495
1 1 6 495
1 1 7 495
1 1 8 495
1 1 9 495
1 1 10 495
1 1 11 495
1 1 12 -1
1 1 13 -1
1 2 0 495
1 2 1 495
1 2 2 495
1 2 3 495
1 2 4 495
1 2 5 495
1 2 6 495
1 2 7 495
1 2 8 495
1 2 9 495
1 2 10 495
1 2 11 495
1 2 12 -1
1 2 13 -1
1 3 0 495
1 3 1 495
1 3 2 495
1 3 3 495
1 3 4 495
1 3 5 495
1 3 6 495
1 3 7 495
1 3 8 495
1 3 9 495
1 3 10 495
1 3 11 495
1 3 12 495
1 3 13 495
2 0 0 495
2 0 1 495
2 0 2 495
2 0 3 495
2 0 4 495
2 0 5 495
2 0 6 495
2 0 7 495
2 0 8 495
2 0 9 495
2 0 10 495
2 0 11 495
2 0 12 -1
2 0 13 -1
2 1 0 495
2 1 1 495
2 1 2 495
2 1 3 495
2 1 4 495
2 1 5 495
2 1 6 495
2 1 7 495
2 1 8 495
2 1 9 495
2 1 10 495
2 1 11 495
2 1 12 -1
2 1 13 -1
2 2 0 495
2 2 1 495
2 2 2 495
2 2 3 495
2 2 4 495
2 2 5 495
2 2 6 495
2 2 7 495
2 2 8 495
2 2 9 495
2 2 10 495
2 2 11 495
2 2 12 -1
2 2 13 -1
2 3 0 495
2 3 1 495
2 3 2 495
2 3 3 495
2 3 4 495
2 3 5 495
2 3 6 495
2 3 7 495
2 3 8 495
2 3 9 495
2 3 10 495
2 3 11 495
2 3 12 495
2 3 13 495
3 0 0 495
3 0 1 495
3 0 2 495
3 0 3 495
3 0 4 495
3 0 5 495
3 0 6 495
3 0 7 495
3 0 8 495
3 0 9 495
3 0 10 495
3 0 11 495
3 0 12 -1
3 0 13 -1
3 1 0 495
3 1 1 495
3 1 2 495
3 1 3 495
3 1 4 495
3 1 5 495
3 1 6 495
3 1 7 495
3 1 8 495
3 1 9 495
3 1 10 495
3 1 11 495
3 1 12 -1
3 1 13 -1
3 2 0 495
3 2 1 495
3 2 2 495
3 2 3 495
3 2 4 495
3 2 5 495
3 2 6 495
3 2 7 495
3 2 8 495
3 2 9 495
3 2 10 495
3 2 11 495
3 2 12 -1
3 2 13 -1
3 3 0 495
3 3 1 495
3 3 2 495
3 3 3 495
3 3 4 495
3 3 5 495
3 3 6 495
3 3 7 495
3 3 8 495
3 3 9 495
3 3 10 495
3 3 11 495
3 3 12 495
3 3 13 495
4 0 0 505
4 0 1 505
4 0 2 505
4 0 3 505
4 0 4 505
4 0 5 505
4 0 6 505
4 0 7 505
4 0 8 505
4 0 9 505
4 0 10 505
4 0 11 505
4 0 12 -1
4 0 13 -1
4 1 0 495
4 1 1 495
4 1 2 495
4 1 3 495
4 1 4 495
4 1 5 495
4 1 6 495
4 1 7 495
4 1 8 495
4 1 9 495
4 1 10 495
4 1 11 495
4 1 12 -1
4 1 13 -1
4 2 0 495
4 2 1 495
4 2 2 495
4 2 3 495
4 2 4 495
4 2 5 495
4 2 6 495
4 2 7 495
4 2 8 495
4 2 9 495
4 2 10 495
4 2 11 495
4 2 12 -1
4 2 13 -1
4 3 0 495
4 3 1 495
4 3 2 495
4 3 3 495
4 3 4 495
4 3 5 495
4 3 6 495
4 3 7 495
4 3 8 495
4 3 9 495
4 3 10 495
4 3 11 495
4 3 12 495
4 3 13 495
