-2 1 1 1 419.494 65.3781
-2 1 1 3 442.994 63.2721
-2 1 2 1 419.365 65.3901
-2 1 2 3 442.865 63.2921
-2 1 3 1 419.315 65.4011
-2 1 3 3 442.815 63.3061
-2 1 4 1 419.412 65.3961
-2 1 4 3 442.912 63.2901
-2 1 5 1 419.457 65.3831
-2 1 5 3 442.957 63.2751
-2 1 6 1 419.466 65.3691
-2 1 6 3 442.966 63.2601
-2 1 7 1 419.434 65.3691
-2 1 7 3 442.934 63.2621
-2 1 8 1 419.48 65.3681
-2 1 8 3 442.98 63.2621
-2 1 9 1 419.407 65.3871
-2 1 9 3 442.907 63.2811
-2 1 10 1 419.411 65.3761
-2 1 10 3 442.911 63.2791
-2 1 11 1 419.487 65.3851
-2 1 11 3 442.987 63.2761
-2 1 12 1 419.485 65.3661
-2 1 12 3 442.985 63.2661
-2 2 1 1 500.709 142.989
-2 2 1 3 524.209 147.185
-2 2 2 1 500.676 142.987
-2 2 2 3 524.176 147.18
-2 2 3 1 500.796 142.999
-2 2 3 3 524.296 147.201
-2 2 4 1 500.76 142.992
-2 2 4 3 524.26 147.2
-2 2 5 1 500.771 142.993
-2 2 5 3 524.271 147.198
-2 2 6 1 500.736 142.975
-2 2 6 3 524.236 147.177
-2 2 7 1 500.734 142.979
-2 2 7 3 524.234 147.183
-2 2 8 1 500.726 142.982
-2 2 8 3 524.226 147.179
-2 2 9 1 500.725 142.987
-2 2 9 3 524.225 147.191
-2 2 10 1 500.776 142.99
-2 2 10 3 524.276 147.18
-2 2 11 1 500.736 142.992
-2 2 11 3 524.236 147.198
-2 2 12 1 500.684 142.977
-2 2 12 3 524.184 147.18
-2 3 1 1 607.927 129.562
-2 3 1 3 631.427 129.56
-2 3 2 1 607.986 129.57
-2 3 2 3 631.486 129.559
-2 3 3 1 607.923 129.567
-2 3 3 3 631.423 129.576
-2 3 4 1 608.006 129.571
-2 3 4 3 631.506 129.57
-2 3 5 1 608.03 129.567
-2 3 5 3 631.53 129.569
-2 3 6 1 607.967 129.567
-2 3 6 3 631.467 129.561
-2 3 7 1 607.788 129.55
-2 3 7 3 631.288 129.557
-2 3 8 1 607.855 129.574
-2 3 8 3 631.354 129.59
-2 3 9 1 607.863 129.566
-2 3 9 3 631.363 129.576
-2 3 10 1 607.984 129.573
-2 3 10 3 631.484 129.574
-2 3 11 1 607.934 129.583
-2 3 11 3 631.434 129.574
-2 3 12 1 607.889 129.565
-2 3 12 3 631.389 129.564
-2 4 1 1 710.22 291.236
-2 4 1 3 733.719 299.64
-2 4 2 1 710.334 291.256
-2 4 2 3 733.834 299.653
-2 4 3 1 710.225 291.236
-2 4 3 3 733.725 299.653
-2 4 4 1 710.186 310.887
-2 4 4 3 733.685 310.886
-2 4 13 1 710.207 -10.5539
-2 4 13 3 733.707 -10.5639
-2 4 5 1 710.2 109.887
-2 4 5 3 733.7 101.48
-2 4 6 1 710.491 109.875
-2 4 6 3 733.991 101.437
-2 4 7 1 710.159 109.836
-2 4 7 3 733.658 101.441
-2 4 8 1 710.309 109.846
-2 4 8 3 733.809 101.438
-2 4 9 1 712.777 93.79
-2 4 9 3 736.278 93.748
-2 4 10 1 710.312 259.634
-2 4 10 3 733.812 263.824
-2 4 14 1 710.166 -9.71594
-2 4 14 3 733.666 -13.9219
-2 4 11 1 712.461 105.789
-2 4 11 3 735.961 105.722
-2 4 12 1 710.407 274.441
-2 4 12 3 733.907 282.86
-1 1 1 1 419.431 65.3741
-1 1 1 3 442.931 63.2681
-1 1 2 1 419.497 65.3801
-1 1 2 3 442.997 63.2751
-1 1 3 1 419.427 65.3761
-1 1 3 3 442.927 63.2781
-1 1 4 1 419.447 65.3791
-1 1 4 3 442.947 63.2821
-1 1 5 1 419.42 65.3811
-1 1 5 3 442.92 63.2891
-1 1 6 1 419.395 65.3791
-1 1 6 3 442.895 63.2811
-1 1 7 1 419.444 65.3751
-1 1 7 3 442.944 63.2691
-1 1 8 1 419.414 65.3771
-1 1 8 3 442.914 63.2741
-1 1 9 1 419.422 65.3771
-1 1 9 3 442.922 63.2771
-1 1 10 1 419.456 65.3781
-1 1 10 3 442.956 63.2751
-1 1 11 1 419.419 65.3791
-1 1 11 3 442.919 63.2801
-1 1 12 1 419.458 65.3701
-1 1 12 3 442.958 63.2761
-1 2 1 1 500.691 142.969
-1 2 1 3 524.191 147.18
-1 2 2 1 500.723 142.988
-1 2 2 3 524.223 147.185
-1 2 3 1 500.854 142.988
-1 2 3 3 524.354 147.188
-1 2 4 1 500.673 142.983
-1 2 4 3 524.173 147.178
-1 2 5 1 500.773 142.993
-1 2 5 3 524.273 147.193
-1 2 6 1 500.738 142.972
-1 2 6 3 524.238 147.185
-1 2 7 1 500.713 142.978
-1 2 7 3 524.213 147.174
-1 2 8 1 500.771 142.975
-1 2 8 3 524.271 147.174
-1 2 9 1 500.865 142.966
-1 2 9 3 524.365 147.179
-1 2 10 1 500.717 142.964
-1 2 10 3 524.217 147.171
-1 2 11 1 500.789 142.974
-1 2 11 3 524.289 147.176
-1 2 12 1 500.706 142.98
-1 2 12 3 524.206 147.173
-1 3 1 1 607.837 129.582
-1 3 1 3 631.337 129.57
-1 3 2 1 608.001 129.585
-1 3 2 3 631.501 129.578
-1 3 3 1 607.984 129.583
-1 3 3 3 631.484 129.56
-1 3 4 1 607.998 129.565
-1 3 4 3 631.498 129.571
-1 3 5 1 607.969 129.592
-1 3 5 3 631.469 129.586
-1 3 6 1 607.934 129.562
-1 3 6 3 631.434 129.567
-1 3 7 1 607.995 129.551
-1 3 7 3 631.495 129.556
-1 3 8 1 607.954 129.563
-1 3 8 3 631.454 129.552
-1 3 9 1 608.001 129.57
-1 3 9 3 631.501 129.551
-1 3 10 1 607.945 129.56
-1 3 10 3 631.445 129.558
-1 3 11 1 607.913 129.571
-1 3 11 3 631.413 129.559
-1 3 12 1 607.856 129.555
-1 3 12 3 631.356 129.567
-1 4 1 1 710.209 291.26
-1 4 1 3 733.709 299.659
-1 4 2 1 710.304 291.274
-1 4 2 3 733.804 299.667
-1 4 3 1 710.673 291.231
-1 4 3 3 734.174 299.68
-1 4 4 1 710.12 310.891
-1 4 4 3 733.62 310.884
-1 4 13 1 710.704 -10.6239
-1 4 13 3 734.204 -10.6529
-1 4 5 1 710.491 109.892
-1 4 5 3 733.991 101.452
-1 4 6 1 710.325 109.855
-1 4 6 3 733.825 101.443
-1 4 7 1 710.455 109.855
-1 4 7 3 733.955 101.429
-1 4 8 1 710.365 109.836
-1 4 8 3 733.865 101.419
-1 4 9 1 712.746 93.852
-1 4 9 3 736.247 93.678
-1 4 10 1 710.361 259.619
-1 4 10 3 733.861 263.824
-1 4 14 1 710.286 -9.72694
-1 4 14 3 733.786 -13.9389
-1 4 11 1 712.675 105.785
-1 4 11 3 736.176 105.709
-1 4 12 1 710.162 274.447
-1 4 12 3 733.662 282.827
0 1 1 1 419.419 65.3871
0 1 1 3 442.919 63.2861
0 1 5 1 419.511 65.3901
0 1 5 3 443.011 63.2731
0 1 9 1 419.497 65.3781
0 1 9 3 442.997 63.2691
0 1 2 1 419.403 140.424
0 1 2 3 442.903 142.515
0 1 6 1 419.485 140.413
0 1 6 3 442.985 142.522
0 1 10 1 419.472 140.416
0 1 10 3 442.972 142.529
0 1 3 1 419.479 140.408
0 1 3 3 442.979 142.516
0 1 7 1 419.516 140.407
0 1 7 3 443.016 142.533
0 1 11 1 419.477 140.414
0 1 11 3 442.978 142.53
0 1 4 1 419.457 65.3891
0 1 4 3 442.957 63.2831
0 1 8 1 419.445 65.3861
0 1 8 3 442.945 63.2691
0 1 12 1 419.405 65.3761
0 1 12 3 442.905 63.2831
0 2 1 1 500.763 142.99
0 2 1 3 524.263 147.192
0 2 5 1 500.765 142.985
0 2 5 3 524.265 147.192
0 2 9 1 500.771 142.957
0 2 9 3 524.272 147.188
0 2 2 1 500.705 106.907
0 2 2 3 524.205 102.716
0 2 6 1 500.705 106.9
0 2 6 3 524.205 102.715
0 2 10 1 500.777 106.944
0 2 10 3 524.277 102.721
0 2 3 1 500.731 106.907
0 2 3 3 524.231 102.705
0 2 7 1 500.894 106.945
0 2 7 3 524.394 102.712
0 2 11 1 500.769 106.933
0 2 11 3 524.269 102.715
0 2 4 1 500.672 143.007
0 2 4 3 524.172 147.193
0 2 8 1 500.804 142.971
0 2 8 3 524.304 147.174
0 2 12 1 500.701 142.984
0 2 12 3 524.201 147.179
0 3 1 1 607.997 129.593
0 3 1 3 631.497 129.573
0 3 5 1 608.012 129.603
0 3 5 3 631.512 129.578
0 3 9 1 608.17 129.585
0 3 9 3 631.67 129.556
0 3 2 1 607.96 170.712
0 3 2 3 631.46 170.722
0 3 6 1 607.925 170.72
0 3 6 3 631.425 170.722
0 3 10 1 607.964 170.743
0 3 10 3 631.464 170.733
0 3 3 1 607.963 170.709
0 3 3 3 631.462 170.719
0 3 7 1 608.014 170.72
0 3 7 3 631.514 170.733
0 3 11 1 608 170.722
0 3 11 3 631.5 170.739
0 3 4 1 607.825 129.561
0 3 4 3 631.325 129.6
0 3 8 1 607.98 129.572
0 3 8 3 631.48 129.553
0 3 12 1 607.923 129.572
0 3 12 3 631.423 129.569
0 4 1 1 710.773 291.246
0 4 1 3 734.273 299.698
0 4 2 1 709.974 109.83
0 4 2 3 733.474 101.464
0 4 3 1 710.383 109.823
0 4 3 3 733.883 101.416
0 4 4 1 710.527 310.954
0 4 4 3 734.027 310.966
0 4 13 1 709.959 -10.5419
0 4 13 3 733.459 -10.5289
0 4 5 1 710.253 109.856
0 4 5 3 733.753 101.461
0 4 6 1 710.135 291.244
0 4 6 3 733.634 299.635
0 4 7 1 710.556 291.224
0 4 7 3 734.056 299.67
0 4 8 1 710.27 109.829
0 4 8 3 733.77 101.434
0 4 9 1 712.707 93.745
0 4 9 3 736.207 93.772
0 4 10 1 710.54 -9.75294
0 4 10 3 734.04 -13.9649
0 4 14 1 710.013 259.595
0 4 14 3 733.513 263.789
0 4 11 1 712.905 93.933
0 4 11 3 736.406 93.655
0 4 12 1 710.441 274.444
0 4 12 3 733.941 282.856
1 1 1 1 419.411 140.416
1 1 1 3 442.911 142.52
1 1 2 1 419.449 140.419
1 1 2 3 442.949 142.518
1 1 3 1 419.407 140.414
1 1 3 3 442.907 142.511
1 1 4 1 419.374 140.412
1 1 4 3 442.874 142.511
1 1 5 1 419.403 140.423
1 1 5 3 442.903 142.517
1 1 6 1 419.466 140.422
1 1 6 3 442.966 142.528
1 1 7 1 419.509 140.429
1 1 7 3 443.009 142.534
1 1 8 1 419.456 140.427
1 1 8 3 442.956 142.531
1 1 9 1 419.42 140.432
1 1 9 3 442.92 142.528
1 1 10 1 419.455 140.434
1 1 10 3 442.955 142.533
1 1 11 1 419.462 140.426
1 1 11 3 442.962 142.532
1 1 12 1 419.474 140.422
1 1 12 3 442.974 142.531
1 2 1 1 500.725 106.906
1 2 1 3 524.225 102.723
1 2 2 1 500.729 106.911
1 2 2 3 524.229 102.712
1 2 3 1 500.738 106.904
1 2 3 3 524.238 102.704
1 2 4 1 500.754 106.924
1 2 4 3 524.253 102.718
1 2 5 1 500.684 106.915
1 2 5 3 524.184 102.714
1 2 6 1 500.778 106.912
1 2 6 3 524.278 102.722
1 2 7 1 500.754 106.924
1 2 7 3 524.255 102.731
1 2 8 1 500.804 106.922
1 2 8 3 524.304 102.721
1 2 9 1 500.664 106.935
1 2 9 3 524.164 102.737
1 2 10 1 500.782 106.924
1 2 10 3 524.282 102.721
1 2 11 1 500.786 106.917
1 2 11 3 524.286 102.721
1 2 12 1 500.695 106.917
1 2 12 3 524.195 102.72
1 3 1 1 608.012 170.713
1 3 1 3 631.512 170.725
1 3 2 1 608 170.728
1 3 2 3 631.5 170.721
1 3 3 1 607.978 170.716
1 3 3 3 631.478 170.709
1 3 4 1 608.075 170.741
1 3 4 3 631.575 170.732
1 3 5 1 607.9 170.72
1 3 5 3 631.4 170.728
1 3 6 1 608.037 170.712
1 3 6 3 631.537 170.731
1 3 7 1 608.008 170.733
1 3 7 3 631.508 170.741
1 3 8 1 607.904 170.733
1 3 8 3 631.404 170.724
1 3 9 1 607.964 170.72
1 3 9 3 631.464 170.752
1 3 10 1 608.058 170.741
1 3 10 3 631.558 170.756
1 3 11 1 607.937 170.732
1 3 11 3 631.437 170.739
1 3 12 1 607.963 170.717
1 3 12 3 631.463 170.718
1 4 1 1 710.454 109.86
1 4 1 3 733.954 101.434
1 4 2 1 710.43 109.851
1 4 2 3 733.93 101.432
1 4 3 1 710.39 109.832
1 4 3 3 733.89 101.426
1 4 4 1 710.121 -10.5949
1 4 4 3 733.621 -10.5869
1 4 13 1 710.185 310.892
1 4 13 3 733.685 310.887
1 4 5 1 710.247 291.241
1 4 5 3 733.747 299.643
1 4 6 1 710.241 291.242
1 4 6 3 733.741 299.635
1 4 7 1 710.34 291.251
1 4 7 3 733.84 299.658
1 4 8 1 710.143 274.447
1 4 8 3 733.643 282.848
1 4 9 1 712.886 105.757
1 4 9 3 736.385 105.749
1 4 10 1 710.259 -9.69794
1 4 10 3 733.759 -13.8999
1 4 14 1 710.088 259.599
1 4 14 3 733.588 263.8
1 4 11 1 712.953 93.745
1 4 11 3 736.453 93.785
1 4 12 1 710.353 109.828
1 4 12 3 733.853 101.426
2 1 1 1 419.451 140.416
2 1 1 3 442.951 142.516
2 1 2 1 419.39 140.402
2 1 2 3 442.89 142.5
2 1 3 1 419.439 140.423
2 1 3 3 442.939 142.518
2 1 4 1 419.431 140.412
2 1 4 3 442.931 142.518
2 1 5 1 419.46 140.432
2 1 5 3 442.96 142.533
2 1 6 1 419.481 140.439
2 1 6 3 442.981 142.551
2 1 7 1 419.442 140.434
2 1 7 3 442.942 142.534
2 1 8 1 419.418 140.438
2 1 8 3 442.918 142.538
2 1 9 1 419.395 140.424
2 1 9 3 442.895 142.521
2 1 10 1 419.388 140.42
2 1 10 3 442.888 142.527
2 1 11 1 419.502 140.442
2 1 11 3 443.002 142.549
2 1 12 1 419.476 140.422
2 1 12 3 442.976 142.513
2 2 1 1 500.806 106.913
2 2 1 3 524.306 102.71
2 2 2 1 500.8 106.926
2 2 2 3 524.3 102.719
2 2 3 1 500.697 106.914
2 2 3 3 524.197 102.713
2 2 4 1 500.732 106.921
2 2 4 3 524.232 102.71
2 2 5 1 500.73 106.921
2 2 5 3 524.23 102.733
2 2 6 1 500.696 106.927
2 2 6 3 524.196 102.731
2 2 7 1 500.716 106.935
2 2 7 3 524.216 102.728
2 2 8 1 500.711 106.929
2 2 8 3 524.211 102.732
2 2 9 1 500.739 106.925
2 2 9 3 524.239 102.728
2 2 10 1 500.786 106.911
2 2 10 3 524.286 102.699
2 2 11 1 500.741 106.935
2 2 11 3 524.241 102.731
2 2 12 1 500.785 106.926
2 2 12 3 524.285 102.73
2 3 1 1 607.836 170.728
2 3 1 3 631.336 170.729
2 3 2 1 608.042 170.721
2 3 2 3 631.542 170.729
2 3 3 1 608.067 170.719
2 3 3 3 631.567 170.724
2 3 4 1 607.931 170.731
2 3 4 3 631.431 170.739
2 3 5 1 607.911 170.723
2 3 5 3 631.411 170.723
2 3 6 1 608.001 170.738
2 3 6 3 631.501 170.734
2 3 7 1 607.961 170.747
2 3 7 3 631.461 170.754
2 3 8 1 608.019 170.742
2 3 8 3 631.519 170.739
2 3 9 1 607.965 170.737
2 3 9 3 631.465 170.749
2 3 10 1 607.94 170.732
2 3 10 3 631.44 170.73
2 3 11 1 608.016 170.747
2 3 11 3 631.516 170.764
2 3 12 1 607.919 170.744
2 3 12 3 631.419 170.74
2 4 1 1 710.432 109.827
2 4 1 3 733.932 101.427
2 4 2 1 710.353 109.834
2 4 2 3 733.853 101.44
2 4 3 1 710.329 109.821
2 4 3 3 733.829 101.432
2 4 4 1 709.662 -10.5439
2 4 4 3 733.162 -10.5079
2 4 13 1 710.48 310.901
2 4 13 3 733.98 310.921
2 4 5 1 710.284 291.213
2 4 5 3 733.784 299.631
2 4 6 1 710.231 291.245
2 4 6 3 733.731 299.642
2 4 7 1 710.318 291.26
2 4 7 3 733.818 299.669
2 4 8 1 710.259 274.473
2 4 8 3 733.759 282.869
2 4 9 1 712.6 105.766
2 4 9 3 736.099 105.715
2 4 10 1 710.331 -9.70194
2 4 10 3 733.831 -13.9159
2 4 14 1 710.094 259.586
2 4 14 3 733.594 263.8
2 4 11 1 713.09 93.799
2 4 11 3 736.59 93.754
2 4 12 1 710.22 109.873
2 4 12 3 733.72 101.482
