574932992 -652.95
575195136 -652.966
575457280 -653.157
575719424 -653.236
575981568 -653.016
576243712 -653.113
576505856 -652.884
576768000 -653.141
577030144 -653.074
577292288 -652.932
577554432 -652.945
577816576 -653.024
579127296 -653.013
579389440 -653.108
579651584 -653.075
579913728 -653.1
580175872 -653.01
580438016 -653.086
580700160 -652.906
580962304 -652.95
581224448 -652.945
581486592 -653.122
581748736 -652.965
582010880 -652.975
583321600 -652.981
583583744 -653.088
583845888 -653.115
584108032 -653.05
584370176 -652.941
584632320 -652.958
584894464 -653.064
585156608 -653.208
585418752 -653.078
585680896 -652.998
585943040 -653.029
586205184 -653.127
574965760 -387.429
575227904 -387.465
575490048 -387.025
575752192 -387.531
576014336 -387.48
576276480 -387.416
576538624 -387.427
576800768 -387.393
577062912 -387.501
577325056 -387.428
577587200 -387.512
577849344 -387.509
579160064 -387.389
579422208 -387.45
579684352 -387.061
579946496 -387.406
580208640 -387.371
580470784 -387.513
580732928 -387.401
580995072 -387.485
581257216 -387.423
581519360 -387.471
581781504 -387.454
582043648 -387.461
583354368 -387.414
583616512 -387.492
583878656 -386.943
584140800 -387.504
584402944 -387.461
584665088 -387.543
584927232 -387.363
585189376 -387.439
585451520 -387.462
585713664 -387.495
585975808 -387.437
586237952 -387.447
574998528 -118.86
576047104 -118.861
577095680 -118.849
575260672 118.845
576309248 118.85
577357824 118.851
575522816 118.843
576571392 118.854
577619968 118.848
575784960 -118.853
576833536 -118.847
577882112 -118.858
579192832 -118.861
580241408 -118.869
581289984 -118.839
579454976 118.839
580503552 118.853
581552128 118.846
579717120 118.846
580765696 118.853
581814272 118.85
579979264 -118.856
581027840 -118.849
582076416 -118.855
583387136 -118.866
584435712 -118.87
585484288 -118.842
583649280 118.836
584697856 118.845
585746432 118.848
583911424 118.84
584960000 118.851
586008576 118.851
584173568 -118.852
585222144 -118.857
586270720 -118.853
575031296 387.439
575293440 387.423
575555584 387.452
575817728 387.066
576079872 387.441
576342016 387.436
576604160 387.503
576866304 387.425
577128448 387.454
577390592 387.375
577652736 387.501
577914880 387.439
579225600 387.488
579487744 387.529
579749888 387.485
580012032 387.016
580274176 387.463
580536320 387.446
580798464 387.437
581060608 387.491
581322752 387.523
581584896 387.478
581847040 387.504
582109184 387.474
583419904 387.38
583682048 387.51
583944192 387.523
584206336 386.998
584468480 387.485
584730624 387.412
584992768 387.437
585254912 387.528
585517056 387.427
585779200 387.436
586041344 387.426
586303488 387.421
575064064 652.983
575326208 653.283
575588352 652.857
575850496 653.015
576112640 653.093
576374784 653.106
576636928 653.061
576899072 653.328
577161216 653.14
577423360 652.991
577685504 652.976
577947648 653.042
579258368 652.955
579520512 653.139
579782656 652.943
580044800 653.022
580306944 653.056
580569088 653.091
580831232 653.1
581093376 652.99
581355520 653.008
581617664 653.189
581879808 652.982
582141952 652.918
583452672 652.972
583714816 653.067
583976960 653.061
584239104 653.026
584501248 653.082
584763392 653.046
585025536 653.137
585287680 653.068
585549824 653.156
585811968 653.101
586074112 653.007
586336256 653.007
