574932992 -654.202
575195136 -654.13
575457280 -654.005
575719424 -653.91
575981568 -653.82
576243712 -653.953
576505856 -654.105
576768000 -655.067
577030144 -653.816
577292288 -654.052
577554432 -653.846
577816576 -654.228
579127296 -653.861
579389440 -653.933
579651584 -653.959
579913728 -654.104
580175872 -653.931
580438016 -654.155
580700160 -654.249
580962304 -653.959
581224448 -654.07
581486592 -654.127
581748736 -654.115
582010880 -654.263
583321600 -653.963
583583744 -654.04
583845888 -653.997
584108032 -654.024
584370176 -653.949
584632320 -654.067
584894464 -654.096
585156608 -653.925
585418752 -653.828
585680896 -654.451
585943040 -653.859
586205184 -654.112
574965760 -388.023
575227904 -387.946
575490048 -387.502
575752192 -387.892
576014336 -387.929
576276480 -388.008
576538624 -388.247
576800768 -388.012
577062912 -387.902
577325056 -387.704
577587200 -388.045
577849344 -388.041
579160064 -387.876
579422208 -388.232
579684352 -387.587
579946496 -387.962
580208640 -387.772
580470784 -387.709
580732928 -387.851
580995072 -388.036
581257216 -388.062
581519360 -387.79
581781504 -387.911
582043648 -387.995
583354368 -388.117
583616512 -388.084
583878656 -387.463
584140800 -387.994
584402944 -387.887
584665088 -387.826
584927232 -387.9
585189376 -388.028
585451520 -387.871
585713664 -388.185
585975808 -388.034
586237952 -388.008
574998528 -118.916
576047104 -118.848
577095680 -118.812
575260672 118.824
576309248 119.125
577357824 118.915
575522816 118.916
576571392 118.404
577619968 119.404
575784960 -118.825
576833536 -120.128
577882112 -119.009
579192832 -119.036
580241408 -118.679
581289984 -120.119
579454976 118.759
580503552 119.048
581552128 118.974
579717120 118.647
580765696 118.942
581814272 118.852
579979264 -118.594
581027840 -118.917
582076416 -118.866
583387136 -118.938
584435712 -118.974
585484288 -118.849
583649280 118.741
584697856 118.863
585746432 118.91
583911424 118.821
584960000 118.879
586008576 118.857
584173568 -118.977
585222144 -118.917
586270720 -118.776
575031296 387.904
575293440 387.938
575555584 387.786
575817728 387.349
576079872 387.964
576342016 387.837
576604160 387.982
576866304 387.791
577128448 387.872
577390592 387.963
577652736 387.984
577914880 387.921
579225600 388.391
579487744 387.924
579749888 387.982
580012032 387.606
580274176 388.034
580536320 388.09
580798464 387.816
581060608 388.024
581322752 387.859
581584896 388.128
581847040 387.934
582109184 387.925
583419904 387.963
583682048 387.78
583944192 387.889
584206336 387.532
584468480 387.966
584730624 388.07
584992768 388.098
585254912 387.969
585517056 387.888
585779200 387.985
586041344 387.946
586303488 387.824
575064064 653.979
575326208 653.948
575588352 653.883
575850496 653.806
576112640 653.846
576374784 653.88
576636928 653.547
576899072 653.591
577161216 653.896
577423360 654.022
577685504 653.798
577947648 654.148
579258368 653.944
579520512 653.962
579782656 653.937
580044800 653.976
580306944 654.032
580569088 654.348
580831232 653.77
581093376 653.76
581355520 653.758
581617664 654.054
581879808 653.831
582141952 654.317
583452672 653.956
583714816 653.61
583976960 654.004
584239104 653.842
584501248 654.063
584763392 653.792
585025536 653.981
585287680 653.814
585549824 654.07
585811968 654.006
586074112 653.745
586336256 653.679
