574932992 -653.05
575195136 -653.05
575457280 -653.05
575719424 -653.05
575981568 -653.05
576243712 -653.05
576505856 -653.05
576768000 -653.05
577030144 -653.05
577292288 -653.05
577554432 -653.05
577816576 -653.05
579127296 -653.05
579389440 -653.05
579651584 -653.05
579913728 -653.05
580175872 -653.05
580438016 -653.05
580700160 -653.05
580962304 -653.05
581224448 -653.05
581486592 -653.05
581748736 -653.05
582010880 -653.05
583321600 -653.05
583583744 -653.05
583845888 -653.05
584108032 -653.05
584370176 -653.05
584632320 -653.05
584894464 -653.05
585156608 -653.05
585418752 -653.05
585680896 -653.05
585943040 -653.05
586205184 -653.05
574965760 -387.45
575227904 -387.45
575490048 -387
575752192 -387.45
576014336 -387.45
576276480 -387.45
576538624 -387.45
576800768 -387.45
577062912 -387.45
577325056 -387.45
577587200 -387.45
577849344 -387.45
579160064 -387.45
579422208 -387.45
579684352 -387
579946496 -387.45
580208640 -387.45
580470784 -387.45
580732928 -387.45
580995072 -387.45
581257216 -387.45
581519360 -387.45
581781504 -387.45
582043648 -387.45
583354368 -387.45
583616512 -387.45
583878656 -387
584140800 -387.45
584402944 -387.45
584665088 -387.45
584927232 -387.45
585189376 -387.45
585451520 -387.45
585713664 -387.45
585975808 -387.45
586237952 -387.45
574998528 -118.85
576047104 -118.85
577095680 -118.85
575260672 118.85
576309248 118.85
577357824 118.85
575522816 118.85
576571392 118.85
577619968 118.85
575784960 -118.85
576833536 -118.85
577882112 -118.85
579192832 -118.85
580241408 -118.85
581289984 -118.85
579454976 118.85
580503552 118.85
581552128 118.85
579717120 118.85
580765696 118.85
581814272 118.85
579979264 -118.85
581027840 -118.85
582076416 -118.85
583387136 -118.85
584435712 -118.85
585484288 -118.85
583649280 118.85
584697856 118.85
585746432 118.85
583911424 118.85
584960000 118.85
586008576 118.85
584173568 -118.85
585222144 -118.85
586270720 -118.85
575031296 387.45
575293440 387.45
575555584 387.45
575817728 387
576079872 387.45
576342016 387.45
576604160 387.45
576866304 387.45
577128448 387.45
577390592 387.45
577652736 387.45
577914880 387.45
579225600 387.45
579487744 387.45
579749888 387.45
580012032 387
580274176 387.45
580536320 387.45
580798464 387.45
581060608 387.45
581322752 387.45
581584896 387.45
581847040 387.45
582109184 387.45
583419904 387.45
583682048 387.45
583944192 387.45
584206336 387
584468480 387.45
584730624 387.45
584992768 387.45
585254912 387.45
585517056 387.45
585779200 387.45
586041344 387.45
586303488 387.45
575064064 653.05
575326208 653.05
575588352 653.05
575850496 653.05
576112640 653.05
576374784 653.05
576636928 653.05
576899072 653.05
577161216 653.05
577423360 653.05
577685504 653.05
577947648 653.05
579258368 653.05
579520512 653.05
579782656 653.05
580044800 653.05
580306944 653.05
580569088 653.05
580831232 653.05
581093376 653.05
581355520 653.05
581617664 653.05
581879808 653.05
582141952 653.05
583452672 653.05
583714816 653.05
583976960 653.05
584239104 653.05
584501248 653.05
584763392 653.05
585025536 653.05
585287680 653.05
585549824 653.05
585811968 653.05
586074112 653.05
586336256 653.05
